bottle.stl
Opening bottle.stl.
-3.371967 5.617400 -8.384700 
-5.420200 5.918033 -11.829734 
-4.423067 5.172033 -12.533067 
-4.285300 8.638467 -9.079600 
-3.887167 7.651200 -10.693900 
-3.463767 11.207433 -7.005900 
-2.840100 10.416500 -7.719533 
-4.358600 15.222168 -7.084800 
-3.027100 13.610200 -7.093267 
-7.191100 23.289232 -8.705132 
-4.768167 20.061632 -8.322600 
-10.757533 34.390934 -10.767067 
-7.668400 30.453798 -10.449200 
-12.637466 44.652996 -11.890167 
-9.962466 41.490433 -12.098267 
-11.371667 51.204834 -11.397499 
-9.896633 49.510132 -12.182101 
-8.217134 54.420368 -10.142034 
-7.595567 53.659939 -10.987766 
-5.668200 56.017334 -9.504833 
-5.083667 55.599072 -9.960767 
-4.753167 57.025898 -9.845700 
-3.871500 56.730732 -9.988800 
-4.849800 57.746933 -10.567734 
-3.780933 57.533936 -10.697166 
-5.069700 58.277496 -11.011500 
-4.006467 58.118633 -11.318400 
-5.058067 58.651836 -10.946033 
-4.071434 58.544033 -11.434001 
-4.787034 58.880871 -10.364400 
-3.926400 58.820236 -11.007133 
-4.338500 59.068237 -9.448800 
-3.603400 59.004833 -10.144467 
-3.888000 59.422466 -8.562099 
-3.221167 59.276997 -9.169033 
-3.600167 60.105301 -8.021966 
-2.930500 59.836597 -8.458533 
-3.489400 61.017933 -7.824700 
-2.800133 60.695965 -8.150200 
-3.446833 61.914032 -7.735834 
-2.762367 61.626934 -8.051833 
-2.984500 62.590534 -6.570633 
-2.591600 62.395733 -7.395033 
-1.609900 62.856831 -4.096300 
-1.016200 5.617400 -8.978066 
-2.073567 5.918033 -12.844933 
-0.919633 5.172033 -13.252967 
-1.704867 8.638467 -9.889167 
-0.888367 7.651200 -11.336800 
-1.329233 11.207433 -7.615533 
-0.592033 10.416500 -8.170834 
-1.590100 15.222168 -7.681133 
-0.515800 13.610200 -7.489700 
-2.603400 23.289232 -9.426700 
-0.756733 20.061632 -8.776667 
-4.003167 34.390934 -11.663933 
-1.361000 30.453798 -11.023800 
-4.875566 44.652996 -12.896399 
-2.005333 41.490433 -12.779766 
-4.547266 51.204834 -12.378600 
-2.201133 49.510132 -12.884633 
-3.352767 54.420334 -11.019267 
-1.779500 53.659866 -11.625366 
-2.270367 56.017334 -10.317400 
-1.160933 55.599033 -10.530034 
-1.823167 57.025928 -10.678101 
-0.806467 56.730732 -10.550632 
-1.826200 57.746967 -11.460500 
-0.750067 57.533966 -11.298301 
-1.917567 58.277496 -11.946599 
-0.806167 58.118633 -11.959133 
-1.925600 58.651836 -11.880768 
-0.834967 58.544033 -12.086400 
-1.834700 58.880871 -11.254567 
-0.820533 58.820236 -11.640134 
-1.670300 59.068237 -10.263400 
-0.762200 59.004833 -10.730667 
-1.495533 59.422466 -9.299633 
-0.679700 59.276997 -9.698266 
-1.376067 60.105301 -8.709267 
-0.607800 59.836597 -8.943334 
-1.327000 61.017933 -8.492200 
-0.572467 60.695965 -8.614567 
-1.310200 61.914032 -8.395599 
-0.564033 61.626934 -8.510400 
-1.167933 62.590500 -7.146767 
-0.570933 62.395733 -7.831333 
-0.485167 62.856766 -4.386200 
1.419533 5.617400 -8.924133 
1.436167 5.918033 -12.929199 
2.656234 5.172033 -13.021900 
1.009833 8.638467 -9.981200 
2.180434 7.651200 -11.165433 
0.916967 11.207433 -7.673000 
1.702300 10.416500 -8.035666 
1.344300 15.222168 -7.721100 
2.039833 13.610200 -7.348967 
2.312367 23.289232 -9.465767 
3.339100 20.061632 -8.601533 
3.300033 34.390934 -11.716201 
5.126767 30.453798 -10.808167 
3.570667 44.652996 -12.968333 
6.233866 41.490433 -12.544766 
2.904233 51.204834 -12.462466 
5.805767 49.510132 -12.662633 
1.940733 54.420334 -11.097667 
4.278333 53.659939 -11.428600 
1.372367 56.017303 -10.382333 
2.900700 55.598999 -10.343801 
1.265367 57.025928 -10.736966 
2.334833 56.730732 -10.355866 
1.342267 57.746967 -11.523033 
2.341000 57.533966 -11.089067 
1.385400 58.277496 -12.016133 
2.457700 58.118633 -11.742167 
1.358333 58.651836 -11.954534 
2.467267 58.544033 -11.871633 
1.261967 58.880871 -11.329067 
2.350133 58.820236 -11.437833 
1.129233 59.068237 -10.334133 
2.139100 59.004833 -10.546901 
1.014600 59.422466 -9.363099 
1.915333 59.276997 -9.531633 
0.956267 60.105301 -8.765367 
1.762833 59.836597 -8.786366 
0.939800 61.017933 -8.544399 
1.700300 60.695965 -8.460999 
0.929500 61.914032 -8.447000 
1.678800 61.626934 -8.358500 
0.740467 62.590500 -7.204566 
1.494700 62.395733 -7.705367 
0.677733 62.856766 -4.359833 
3.743367 5.617400 -8.222966 
4.832800 5.918033 -12.082566 
6.022634 5.172033 -11.840034 
3.644767 8.638467 -9.355733 
5.076967 7.651200 -10.180034 
3.081333 11.207433 -7.178300 
3.853133 10.416500 -7.314001 
4.125534 15.222168 -7.204700 
4.381600 13.610200 -6.671267 
6.921200 23.289232 -8.822366 
7.012001 20.061632 -7.797466 
10.140466 34.390934 -10.923934 
10.908067 30.453798 -9.802233 
11.513900 44.652996 -12.106099 
13.593633 41.490433 -11.393233 
9.963567 51.204834 -11.649200 
13.008367 49.510132 -11.516133 
7.002699 54.420368 -10.377300 
9.786267 53.659939 -10.397667 
4.884333 56.017334 -9.699600 
6.648633 55.599072 -9.402134 
4.251500 57.025898 -10.022300 
5.272567 56.730701 -9.404468 
4.404900 57.746967 -10.755433 
5.245900 57.533936 -10.069600 
4.579267 58.277496 -11.220200 
5.527634 58.118633 -10.667399 
4.535233 58.651798 -11.167466 
5.574867 58.543964 -10.789968 
4.259266 58.880871 -10.587901 
5.335300 58.820202 -10.400400 
3.839867 59.068237 -9.660966 
4.871733 59.004833 -9.593133 
3.444800 59.422466 -8.752566 
4.359267 59.276997 -8.669033 
3.213333 60.105301 -8.190333 
3.994400 59.836597 -7.987900 
3.132633 61.017933 -7.981233 
3.839033 60.695965 -7.689400 
3.096033 61.914032 -7.890133 
3.789267 61.626934 -7.596167 
2.590567 62.590534 -6.744167 
3.442467 62.395802 -7.017334 
0.628633 62.928364 -2.133800 
1.787200 62.856766 -4.017300 
5.775900 5.617400 -6.896800 
7.851900 5.918033 -10.325967 
8.921801 5.172033 -9.750333 
5.994067 8.638467 -8.027066 
7.579033 7.651200 -8.415467 
4.982633 11.207433 -6.143400 
5.691267 10.416500 -6.032067 
6.469067 15.222168 -6.145166 
6.298200 13.610200 -5.481467 
10.668468 23.289232 -7.513400 
9.869367 20.061632 -6.394400 
15.631733 34.390934 -9.307700 
15.301232 30.453798 -8.043567 
17.900866 44.652996 -10.331467 
19.171202 41.490433 -9.367499 
15.709834 51.204834 -9.958733 
18.522434 49.510132 -9.486800 
11.222199 54.420368 -8.875733 
14.100865 53.659939 -8.569800 
7.909800 56.017334 -8.286233 
9.699666 55.599072 -7.739467 
6.885334 57.025898 -8.552266 
7.758166 56.730732 -7.731433 
7.122066 57.746933 -9.177133 
7.740366 57.533936 -8.277500 
7.415466 58.277496 -9.578767 
8.168799 58.118633 -8.774234 
7.357900 58.651798 -9.539134 
8.249967 58.544033 -8.880700 
6.923767 58.880833 -9.049367 
7.906567 58.820171 -8.565600 
6.250467 59.068237 -8.260333 
7.226299 59.004833 -7.904001 
5.605834 59.422466 -7.482967 
6.465033 59.276997 -7.141966 
5.219333 60.105301 -6.998400 
5.916100 59.836597 -6.576833 
5.080733 61.017933 -6.816800 
5.679833 60.695965 -6.328100 
5.020733 61.914032 -6.738833 
5.605733 61.626934 -6.251167 
4.238234 62.590565 -5.776400 
5.123167 62.395802 -5.791767 
2.757600 62.856831 -3.369367 
7.381067 5.617400 -5.044067 
10.282201 5.918033 -7.773900 
11.168099 5.172033 -6.922867 
7.891966 8.638467 -6.078833 
9.525201 7.651200 -6.012834 
6.490533 11.207433 -4.634901 
7.106167 10.416500 -4.293233 
8.222366 15.222168 -4.612667 
7.705933 13.610200 -3.877367 
13.311534 23.289232 -5.626566 
11.835334 20.061632 -4.508433 
19.398499 34.390934 -6.975500 
18.207766 30.453798 -5.677400 
22.263868 44.652996 -7.761500 
22.821533 41.490433 -6.633467 
19.693634 51.204834 -7.501000 
22.164568 49.510132 -6.739534 
14.257434 54.420368 -6.690166 
17.037500 53.659939 -6.093133 
10.211700 56.017334 -6.234667 
11.890733 55.599072 -5.491200 
8.975600 57.025898 -6.423900 
9.639167 56.730701 -5.473834 
9.303834 57.746967 -6.892467 
9.666166 57.533936 -5.859600 
9.696067 58.277496 -7.199833 
10.212667 58.118633 -6.217634 
9.629066 58.651836 -7.176100 
10.321667 58.544033 -6.299667 
9.069066 58.880871 -6.813700 
9.899300 58.820236 -6.082567 
8.192200 59.068237 -6.223234 
9.052000 59.004833 -5.616633 
7.346400 59.422466 -5.636800 
8.097567 59.276997 -5.074267 
6.834033 60.105301 -5.267400 
7.404966 59.836597 -4.668233 
6.648066 61.017933 -5.127367 
7.105299 60.695965 -4.488067 
6.569134 61.914032 -5.068533 
7.012234 61.626934 -4.433333 
5.567533 62.590565 -4.363133 
6.428400 62.395802 -4.127467 
1.599067 62.928402 -1.485900 
3.524033 62.856869 -2.464200 
8.458301 5.617400 -2.825467 
11.976666 5.918033 -4.653467 
12.616000 5.172033 -3.597500 
9.224833 8.638467 -3.685467 
10.790367 7.651200 -3.177033 
7.529566 11.207433 -2.787333 
8.014934 10.416500 -2.245433 
9.360900 15.222168 -2.743167 
8.568733 13.610200 -1.994700 
14.919266 23.289232 -3.328933 
12.961133 20.061632 -2.298833 
21.614233 34.390934 -4.133900 
19.801834 30.453798 -2.903500 
24.817499 44.652996 -4.624367 
24.800766 41.490433 -3.422833 
22.068502 51.204834 -4.494733 
24.163702 49.510132 -3.507434 
16.146135 54.420368 -4.015234 
18.706133 53.659939 -3.178167 
11.730667 56.017334 -3.727300 
13.205933 55.599072 -2.848167 
10.411166 57.025898 -3.826100 
10.823499 56.730732 -2.822900 
10.818832 57.746933 -4.104133 
10.900200 57.533936 -3.020567 
11.282800 58.277496 -4.294700 
11.526567 58.118633 -3.214033 
11.211101 58.651836 -4.288533 
11.655467 58.544033 -3.265733 
10.565299 58.880871 -4.079800 
11.184300 58.820236 -3.162100 
9.547566 59.068237 -3.731033 
10.230500 59.004833 -2.925233 
8.561166 59.422466 -3.378400 
9.151234 59.276997 -2.641633 
7.959600 60.105301 -3.151300 
8.364433 59.836597 -2.423833 
7.739567 61.017933 -3.063167 
8.022733 60.695965 -2.325400 
7.647400 61.914032 -3.027766 
7.917333 61.626934 -2.296767 
6.498367 62.590565 -2.630633 
7.274133 62.395802 -2.166000 
4.038333 62.856869 -1.380333 
8.912200 5.617400 -0.409900 
12.797633 5.918033 -1.207467 
13.125533 5.172033 -0.022367 
9.886867 8.638467 -1.034167 
11.254666 7.651200 -0.120500 
8.032066 11.207433 -0.744767 
8.338433 10.416500 -0.041867 
9.877233 15.222168 -0.681867 
8.855067 13.610200 0.026300 
15.602134 23.289232 -0.798567 
13.310234 20.061632 0.070033 
22.526800 34.390934 -1.003233 
20.285067 30.453798 0.071700 
25.870333 44.652996 -1.163800 
25.408600 41.490433 0.025433 
23.072733 51.204834 -1.174067 
24.796000 49.510132 -0.031900 
16.980234 54.420368 -1.059467 
19.251600 53.659939 -0.042567 
12.433300 56.017334 -0.959267 
13.647601 55.599072 -0.007533 
11.093067 57.025928 -0.960767 
11.227534 56.730732 0.023833 
11.544368 57.746967 -1.028767 
11.324767 57.533966 0.027933 
12.046134 58.277496 -1.089167 
11.982501 58.118633 0.012633 
11.975266 58.651836 -1.100967 
12.122100 58.544033 -0.005067 
11.291066 58.880871 -1.060533 
11.637567 58.820236 -0.022167 
10.206901 59.068237 -0.977833 
10.648300 59.004833 -0.030767 
9.151767 59.422466 -0.883733 
9.524434 59.276997 -0.025667 
8.504666 60.105301 -0.814767 
8.701800 59.836597 -0.011367 
8.266433 61.017933 -0.784700 
8.343333 60.695965 -0.001400 
8.167700 61.914032 -0.775233 
8.233467 61.626934 -0.000800 
6.955833 62.590565 -0.714033 
7.579333 62.395802 -0.054167 
4.255033 62.856869 -0.200233 
8.683467 5.617400 2.033800 
12.642067 5.918033 2.321167 
12.626400 5.172033 3.554400 
9.795700 8.638467 1.687933 
10.855000 7.651200 2.944533 
7.944833 11.207433 1.348733 
8.034200 10.416500 2.164800 
9.759933 15.222168 1.426100 
8.543301 13.610200 2.045567 
15.430833 23.289232 1.786433 
12.902600 20.061632 2.434367 
22.309401 34.390934 2.196067 
19.746933 30.453798 3.042200 
25.649965 44.652996 2.376467 
24.792334 41.490433 3.472100 
22.893034 51.204834 2.227000 
24.208601 49.510132 3.446133 
16.841299 54.420368 1.968833 
18.759399 53.659939 3.096200 
12.303535 56.017334 1.874433 
13.225800 55.599072 2.833833 
10.951233 57.025928 1.970333 
10.812934 56.730732 2.869200 
11.390332 57.746967 2.116967 
10.882267 57.533966 3.074733 
11.890033 58.277496 2.190900 
11.517400 58.118633 3.238567 
11.825534 58.651836 2.161933 
11.657001 58.544033 3.256133 
11.155300 58.880871 2.031333 
11.196366 58.820236 3.119534 
10.087467 59.068237 1.842300 
10.247901 59.004833 2.866000 
9.044067 59.422466 1.671433 
9.165601 59.276997 2.592300 
8.400767 60.105301 1.577500 
8.370334 59.836597 2.402133 
8.162467 61.017933 1.547467 
8.022634 60.695965 2.322900 
8.064734 61.914032 1.530400 
7.916700 61.626934 2.295333 
6.882767 62.590534 1.251433 
7.302300 62.395733 2.061567 
4.145833 62.856831 0.993600 
7.803533 5.617400 4.336833 
11.527568 5.918033 5.689667 
11.190366 5.172033 6.885000 
8.960299 8.638467 4.293700 
9.648467 7.651200 5.805500 
7.272467 11.207433 3.349300 
7.139101 10.416500 4.221567 
9.000733 15.222168 3.435667 
7.640501 13.610200 3.923200 
14.372299 23.289232 4.248200 
11.687000 20.061632 4.629900 
20.910898 34.390934 5.243834 
18.064367 30.453798 5.801900 
24.111334 44.652996 5.752700 
22.792234 41.490433 6.678234 
21.511932 51.204834 5.474467 
22.272232 49.510132 6.685266 
15.737366 54.420368 4.861400 
17.174267 53.659939 6.020467 
11.359767 56.017334 4.578900 
11.953200 55.599072 5.478967 
10.004901 57.025898 4.765533 
9.629434 56.730701 5.515733 
10.375100 57.746967 5.116667 
9.636001 57.533936 5.908567 
10.832700 58.277496 5.319800 
10.198400 58.118633 6.240067 
10.779101 58.651836 5.275733 
10.327400 58.544033 6.291733 
10.173301 58.880871 4.983067 
9.924500 58.820236 6.045033 
9.202600 59.068237 4.535400 
9.086867 59.004833 5.564200 
8.250134 59.422466 4.111367 
8.126667 59.276997 5.030667 
7.659634 60.105301 3.861033 
7.417867 59.836597 4.649267 
7.439567 61.017933 3.772900 
7.106934 60.695965 4.486267 
7.350234 61.914032 3.730467 
7.012833 61.626934 4.432500 
6.286966 62.590500 3.130667 
6.482867 62.395733 4.034500 
3.725700 62.856766 2.118700 
6.363667 5.617400 6.330300 
9.583167 5.918033 8.655167 
8.954066 5.172033 9.721200 
7.479366 8.638467 6.595900 
7.751133 7.651200 8.250134 
6.078001 11.207433 5.112800 
5.730033 10.416500 5.975300 
7.605600 15.222168 5.201667 
6.176367 13.610200 5.518967 
12.321099 23.289232 6.408534 
9.599867 20.061632 6.492667 
18.097132 34.390934 7.919667 
15.039033 30.453798 8.144500 
20.964800 44.652996 8.721233 
19.116034 41.490433 9.404600 
18.707499 51.204834 8.334200 
18.719067 49.510132 9.444533 
13.584167 54.420368 7.409733 
14.357033 53.659939 8.512533 
9.634601 56.017334 6.958967 
9.828567 55.599072 7.730533 
8.347567 57.025898 7.222967 
7.759267 56.730732 7.766066 
8.613900 57.746933 7.753700 
7.700933 57.533936 8.317866 
8.995633 58.277496 8.071733 
8.150200 58.118633 8.793433 
8.956700 58.651836 8.015733 
8.259167 58.544033 8.875366 
8.458833 58.880871 7.581900 
7.942734 58.820236 8.536533 
7.655167 59.068237 6.907267 
7.275900 59.004833 7.862900 
6.862234 59.422466 6.260133 
6.506367 59.276997 7.107800 
6.367067 60.105301 5.871000 
5.934866 59.836597 6.562500 
6.181100 61.017933 5.731000 
5.682967 60.695965 6.327433 
6.106634 61.914032 5.666167 
5.607400 61.626934 6.251234 
5.238367 62.590500 4.788333 
5.199501 62.395733 5.717934 
3.038300 62.856766 3.092633 
4.460833 5.617400 7.847066 
6.947933 5.918033 10.976467 
6.060367 5.172033 11.818334 
5.459866 8.638467 8.408500 
5.285600 7.651200 10.068734 
4.430333 11.207433 6.496100 
3.888267 10.416500 7.275000 
5.584600 15.222168 6.580000 
4.186500 13.610200 6.694601 
9.172466 23.289232 8.090767 
6.586367 20.061632 7.860800 
13.628966 34.390934 10.004833 
10.483500 30.453798 9.866900 
15.911166 44.652996 11.040034 
13.482066 41.490433 11.415401 
14.248567 51.204834 10.573800 
13.289266 49.510132 11.485901 
10.293599 54.420368 9.406867 
10.173467 53.659939 10.357699 
7.163333 56.017334 8.820900 
6.855333 55.599072 9.394333 
6.079600 57.025898 9.142200 
5.289533 56.730701 9.425366 
6.230733 57.746967 9.813000 
5.197633 57.533936 10.094200 
6.509733 58.277496 10.222434 
5.503200 58.118633 10.677800 
6.488500 58.651836 10.158933 
5.584433 58.544033 10.784233 
6.134666 58.880871 9.616401 
5.377900 58.820236 10.379000 
5.556000 59.068237 8.765233 
4.930867 59.004833 9.563966 
4.979767 59.422466 7.943033 
4.408567 59.276997 8.644733 
4.615533 60.105301 7.443966 
4.016134 59.836597 7.976734 
4.476933 61.017933 7.262367 
3.841600 60.695965 7.687400 
4.422667 61.914032 7.180000 
3.790233 61.626934 7.594667 
3.812500 62.590534 6.090167 
3.534766 62.395802 6.967100 
1.316733 62.928364 1.765733 
2.129800 62.856766 3.833667 
2.216067 5.617400 8.762300 
3.784500 5.918033 12.453700 
2.697967 5.172033 13.011901 
3.025267 8.638467 9.574034 
2.411566 7.651200 11.117100 
2.422533 11.207433 7.379700 
1.733667 10.416500 8.018434 
3.015067 15.222168 7.452500 
1.793033 13.610200 7.358600 
4.977967 23.289232 9.151234 
2.804733 20.061632 8.628234 
7.512200 34.390934 11.321067 
4.592700 30.453798 10.835334 
8.916266 44.652996 12.510067 
6.091700 41.490433 12.553567 
8.101533 51.204834 12.000201 
6.157500 49.510132 12.648999 
5.879900 54.420368 10.680533 
4.767133 53.659939 11.410867 
4.023366 56.017334 10.004566 
3.167933 55.599072 10.339867 
3.324300 57.025898 10.358601 
2.365933 56.730732 10.364333 
3.371767 57.746933 11.117900 
2.288367 57.533936 11.099068 
3.528733 58.277496 11.587234 
2.430300 58.118633 11.745999 
3.526900 58.651836 11.521000 
2.477600 58.544033 11.868533 
3.344167 58.880871 10.911433 
2.397100 58.820236 11.428033 
3.034567 59.068237 9.949100 
2.204600 59.004833 10.533767 
2.718766 59.422466 9.015133 
1.969867 59.276997 9.520634 
2.513100 60.105301 8.444500 
1.786767 59.836597 8.781167 
2.432367 61.017933 8.235367 
1.703067 60.695965 8.459634 
2.402400 61.914032 8.141767 
1.679733 61.626934 8.357400 
2.097100 62.590534 6.923500 
1.597000 62.395733 7.683434 
1.058000 62.856800 4.280800 
-0.203667 5.617400 9.032001 
0.321767 5.918033 13.003433 
-0.876933 5.172033 13.256301 
0.350900 8.638467 10.024867 
-0.652467 7.651200 11.352933 
0.207933 11.207433 7.713266 
-0.561233 10.416500 8.176499 
0.123633 15.222168 7.770667 
-0.772700 13.610200 7.486500 
0.146800 23.289232 9.531567 
-1.312367 20.061632 8.767767 
0.356867 34.390934 11.795634 
-1.915866 30.453798 11.014732 
0.663700 44.652996 13.049133 
-2.151700 41.490433 12.776834 
0.836100 51.204834 12.532666 
-1.833267 49.510132 12.889199 
0.718300 54.420334 11.158299 
-1.268767 53.659866 11.631268 
0.456067 56.017334 10.443333 
-0.880833 55.599033 10.531334 
0.282367 57.025928 10.804234 
-0.772133 56.730732 10.547867 
0.244367 57.746967 11.595567 
-0.803367 57.533966 11.294968 
0.268667 58.277496 12.089601 
-0.833933 58.118633 11.957934 
0.286400 58.651836 12.025300 
-0.824233 58.544033 12.087433 
0.289133 58.880871 11.393765 
-0.772400 58.820236 11.643333 
0.273167 59.068237 10.391767 
-0.695333 59.004833 10.735000 
0.242767 59.422466 9.415633 
-0.623933 59.276997 9.701934 
0.211933 60.105301 8.816200 
-0.583200 59.836597 8.945033 
0.195433 61.017933 8.595201 
-0.569533 60.695965 8.615067 
0.192133 61.914032 8.497334 
-0.563000 61.626934 8.510734 
0.215800 62.590500 7.240467 
-0.466500 62.395733 7.838633 
0.244967 62.928364 2.212867 
-0.097267 62.856766 4.412533 
-2.607433 5.617400 8.654400 
-3.165934 5.918033 12.622167 
-4.383334 5.172033 12.549733 
-2.350667 8.638467 9.758100 
-3.665367 7.651200 10.774433 
-2.021466 11.207433 7.494667 
-2.807467 10.416500 7.748133 
-2.774000 15.222168 7.532433 
-3.253567 13.610200 7.077200 
-4.694767 23.289232 9.229400 
-5.260033 20.061632 8.278167 
-6.841200 34.390934 11.425632 
-8.160900 30.453798 10.403934 
-7.679266 44.652996 12.653966 
-10.096066 41.490433 12.083533 
-6.546567 51.204834 12.167933 
-9.577201 49.510132 12.204900 
-4.541934 54.420334 10.837300 
-7.150400 53.659939 11.017367 
-3.168167 56.017303 10.134367 
-4.842167 55.598999 9.967299 
-2.787534 57.025928 10.476300 
-3.846567 56.730732 9.974732 
-2.902467 57.746967 11.243000 
-3.832033 57.533966 10.680634 
-3.012200 58.277496 11.726334 
-4.032967 58.118633 11.311934 
-2.976267 58.651836 11.668633 
-4.061666 58.544033 11.439134 
-2.788267 58.880871 11.060433 
-3.881533 58.820236 11.023499 
-2.509433 59.068237 10.090500 
-3.540800 59.004833 10.166200 
-2.252000 59.422466 9.142067 
-3.169000 59.276997 9.187267 
-2.105700 60.105301 8.556700 
-2.907667 59.836597 8.467300 
-2.056633 61.017933 8.339700 
-2.797600 60.695965 8.152400 
-2.032967 61.914032 8.244600 
-2.761700 61.626934 8.053634 
-1.682200 62.590534 7.039167 
-2.493533 62.395802 7.431567 
-1.244867 62.856800 4.228100 
-4.805600 5.617400 7.633700 
-6.404566 5.918033 11.313933 
-7.543533 5.172033 10.900333 
-4.866933 8.638467 8.776500 
-6.388667 7.651200 9.388333 
-4.074600 11.207433 6.726067 
-4.819167 10.416500 6.738000 
-5.365266 15.222168 6.740266 
-5.400134 13.610200 6.135567 
-8.926600 23.289232 8.247833 
-8.552167 20.061632 7.165067 
-13.093666 34.390934 10.214833 
-13.293965 30.453798 9.009867 
-14.950100 44.652996 11.328633 
-16.627899 41.490433 10.481467 
-13.045400 51.204834 10.909767 
-16.001501 49.510132 10.603833 
-9.249367 54.420368 9.720800 
-12.113734 53.659939 9.576167 
-6.477434 56.017334 9.080966 
-8.276167 55.599072 8.654266 
-5.626566 57.025898 9.378166 
-6.583367 56.730701 8.651366 
-5.820133 57.746967 10.063867 
-6.555533 57.533936 9.262933 
-6.056067 58.277496 10.501301 
-6.913500 58.118633 9.815566 
-6.004833 58.651836 10.454666 
-6.978433 58.544033 9.931133 
-5.646333 58.880871 9.914800 
-6.684200 58.820236 9.575366 
-5.094633 59.068237 9.048367 
-6.106800 59.004833 8.833833 
-4.569666 59.422466 8.197234 
-5.463833 59.276997 7.982567 
-4.257667 60.105301 7.668733 
-5.002567 59.836597 7.353367 
-4.146933 61.017933 7.471433 
-4.804867 60.695965 7.077067 
-4.098167 61.914032 7.386067 
-4.742300 61.626934 6.991100 
-3.447933 62.590565 6.321600 
-4.323767 62.395802 6.466967 
-2.294333 62.856869 3.729400 
-6.638466 5.617400 6.026700 
-9.150434 5.918033 9.136100 
-10.135934 5.172033 8.414300 
-7.007033 8.638467 7.120266 
-8.629701 7.651200 7.281567 
-5.790967 11.207433 5.440533 
-6.457033 10.416500 5.210833 
-7.422166 15.222168 5.430100 
-7.068233 13.610200 4.723000 
-12.126400 23.289232 6.632467 
-10.961368 20.061632 5.502100 
-17.724566 34.390934 8.219067 
-16.931334 30.453798 6.924334 
-20.327900 44.652996 9.132600 
-21.224134 41.490433 8.075000 
-17.917734 51.204834 8.813067 
-20.566267 49.510132 8.188867 
-12.888901 54.420334 7.857133 
-15.736766 53.659866 7.399900 
-9.156533 56.017334 7.329600 
-10.904866 55.599033 6.677000 
-8.006066 57.025898 7.559367 
-8.780433 56.730732 6.664100 
-8.288600 57.746933 8.111300 
-8.782233 57.533936 7.134399 
-8.634366 58.277496 8.469167 
-9.274000 58.118633 7.565733 
-8.571533 58.651836 8.437233 
-9.369933 58.544033 7.660933 
-8.069966 58.880871 8.007099 
-8.983634 58.820236 7.392334 
-7.287734 59.068237 7.310800 
-8.212899 59.004833 6.823334 
-6.535633 59.422466 6.622400 
-7.347233 59.276997 6.165100 
-6.082067 60.105301 6.191367 
-6.720867 59.836597 5.675001 
-5.918267 61.017933 6.028967 
-6.450467 60.695965 5.458534 
-5.848200 61.914032 5.959900 
-6.366133 61.626934 5.392067 
-4.948000 62.590565 5.118134 
-5.828167 62.395802 5.005900 
-3.169434 62.856869 2.944300 
-7.991700 5.617400 3.969933 
-11.230067 5.918033 6.269533 
-12.000667 5.172033 5.306900 
-8.635700 8.638467 4.926100 
-10.250466 7.651200 4.635767 
-7.072933 11.207433 3.744533 
-7.628834 10.416500 3.298433 
-8.868966 15.222168 3.711000 
-8.207534 13.610200 2.962133 
-14.237900 23.289232 4.517967 
-12.499233 20.061632 3.433867 
-20.684700 34.390934 5.604600 
-19.156166 30.453798 4.328500 
-23.747534 44.652996 6.248600 
-24.001236 41.490433 5.072767 
-21.067232 51.204834 6.051800 
-23.352133 49.510132 5.168967 
-15.339333 54.420334 5.400867 
-18.021166 53.659939 4.676900 
-11.071166 56.017303 5.025767 
-12.657634 55.598999 4.206767 
-9.781400 57.025928 5.171033 
-10.323667 56.730732 4.185167 
-10.152367 57.746967 5.547733 
-10.377033 57.533966 4.479500 
-10.584300 58.277496 5.798933 
-10.968933 58.118633 4.757733 
-10.514300 58.651836 5.783866 
-11.088966 58.544033 4.825167 
-9.905933 58.880871 5.495733 
-10.638133 58.820236 4.663400 
-8.950067 59.068237 5.021866 
-9.729267 59.004833 4.308867 
-8.025666 59.422466 4.548133 
-8.703166 59.276997 3.892200 
-7.463666 60.105301 4.247233 
-7.956700 59.836597 3.577567 
-7.258833 61.017933 4.132067 
-7.633100 60.695965 3.437000 
-7.172534 61.914032 4.084533 
-7.533000 61.626934 3.394933 
-6.087467 62.590534 3.528367 
-6.913834 62.395733 3.174733 
-3.815567 62.856831 1.939467 
-8.768967 5.617400 1.631733 
-12.504767 5.918033 2.955967 
-12.996501 5.172033 1.825633 
-9.646199 8.638467 2.380367 
-11.129767 7.651200 1.663067 
-7.852067 11.207433 1.781433 
-8.254600 10.416500 1.153567 
-9.697333 15.222168 1.727433 
-8.785900 13.610200 0.992700 
-15.369599 23.289232 2.081733 
-13.229033 20.061632 1.124033 
-22.218300 34.390934 2.590933 
-20.170267 30.453798 1.428167 
-25.512667 44.652996 2.919233 
-25.258234 41.490433 1.713367 
-22.727365 51.204834 2.859033 
-24.634169 49.510132 1.784933 
-16.689301 54.420368 2.559400 
-19.110500 53.659939 1.624233 
-12.186000 56.017334 2.363667 
-13.535701 55.599072 1.440200 
-10.852366 57.025928 2.414233 
-11.128033 56.730732 1.411633 
-11.287766 57.746967 2.588767 
-11.220699 57.533966 1.509300 
-11.775333 58.277496 2.715367 
-11.869400 58.118633 1.614567 
-11.703267 58.651836 2.718233 
-12.004933 58.544033 1.649567 
-11.031933 58.880871 2.592533 
-11.522300 58.820236 1.605967 
-9.970966 59.068237 2.374900 
-10.541367 59.004833 1.490767 
-8.940499 59.422466 2.149600 
-9.428933 59.276997 1.345200 
-8.310300 60.105301 2.000300 
-8.616467 59.836597 1.228133 
-8.079000 61.017933 1.940667 
-8.263000 60.695965 1.173467 
-7.982667 61.914032 1.918000 
-8.154300 61.626934 1.158700 
-6.790833 62.590534 1.686867 
-7.499134 62.395802 1.119667 
-4.186634 62.856800 0.797133 
-8.883533 5.617400 -0.819000 
-12.845035 5.918033 -0.561700 
-13.000199 5.172033 -1.781333 
-9.938267 8.638467 -0.329733 
-11.161700 7.651200 -1.424233 
-8.064067 11.207433 -0.304633 
-8.264000 10.416500 -1.070733 
-9.898800 15.222168 -0.375367 
-8.774333 13.610200 -1.044900 
-15.622467 23.289232 -0.498267 
-13.203534 20.061632 -1.263100 
-22.555502 34.390934 -0.601633 
-20.148134 30.453798 -1.570467 
-25.912802 44.652996 -0.611667 
-25.258066 41.490433 -1.763933 
-23.124268 51.204834 -0.531133 
-24.657301 49.510132 -1.721933 
-17.028433 54.420368 -0.458700 
-19.135332 53.659939 -1.540100 
-12.471900 56.017334 -0.461633 
-13.543300 55.599072 -1.425467 
-11.126766 57.025928 -0.509233 
-11.120767 56.730732 -1.459133 
-11.579833 57.746967 -0.548833 
-11.210067 57.533966 -1.564800 
-12.085800 58.277496 -0.555667 
-11.863200 58.118633 -1.639633 
-12.017467 58.651836 -0.535100 
-12.004167 58.544033 -1.639600 
-11.333633 58.880871 -0.489633 
-11.527034 58.820236 -1.562100 
-10.247133 59.068237 -0.436067 
-10.548934 59.004833 -1.429933 
-9.187500 59.422466 -0.397333 
-9.435233 59.276997 -1.294500 
-8.535900 60.105301 -0.384700 
-8.618333 59.836597 -1.205800 
-8.295266 61.017933 -0.384700 
-8.261901 60.695965 -1.170767 
-8.196067 61.914032 -0.380900 
-8.152934 61.626934 -1.157233 
-6.987501 62.590565 -0.271100 
-7.512733 62.395802 -1.012400 
-4.241333 62.856869 -0.400167 
-8.319500 5.617400 -3.213467 
-12.197200 5.918033 -4.040634 
-12.017300 5.172033 -5.266067 
-9.465333 8.638467 -3.017067 
-10.345634 7.651200 -4.413833 
-7.678100 11.207433 -2.369667 
-7.655933 10.416500 -3.221500 
-9.460233 15.222168 -2.452267 
-8.163899 13.610200 -3.010900 
-15.018666 23.289232 -3.043900 
-12.399700 20.061632 -3.563467 
-21.771467 34.390934 -3.752700 
-19.060766 30.453798 -4.461333 
-25.062265 44.652996 -4.100334 
-23.982935 41.490433 -5.120167 
-22.365501 51.204834 -3.884600 
-23.425165 49.510132 -5.110633 
-16.414732 54.420368 -3.445133 
-18.111769 53.659939 -4.598733 
-11.931400 56.017334 -3.255033 
-12.695801 55.599072 -4.193233 
-10.573200 57.025898 -3.397600 
-10.312267 56.730701 -4.229633 
-10.983700 57.746967 -3.648633 
-10.352633 57.533936 -4.531533 
-11.466968 58.277496 -3.788333 
-10.957100 58.118633 -4.781367 
-11.407367 58.651836 -3.751500 
-11.092601 58.544033 -4.816234 
-10.763433 58.880871 -3.538000 
-10.656899 58.820236 -4.622867 
-9.734767 59.068237 -3.216867 
-9.755767 59.004833 -4.252467 
-8.727567 59.422466 -2.916833 
-8.725266 59.276997 -3.845300 
-8.104833 60.105301 -2.743167 
-7.966234 59.836597 -3.557034 
-7.873534 61.017933 -2.683533 
-7.633867 60.695965 -3.434767 
-7.779133 61.914032 -2.653533 
-7.533000 61.626934 -3.393733 
-6.646166 62.590565 -2.210300 
-6.955633 62.395802 -3.075100 
-3.972067 62.856869 -1.569900 
-7.147600 5.617400 -5.382800 
-10.650500 5.918033 -7.238000 
-10.163500 5.172033 -8.380401 
-8.293900 8.638467 -5.494467 
-8.778600 7.651200 -7.093200 
-6.736233 11.207433 -4.269700 
-6.493800 10.416500 -5.145833 
-8.382167 15.222168 -4.358200 
-6.976600 13.610200 -4.765067 
-13.477699 23.289232 -5.377200 
-10.756367 20.061632 -5.613134 
-19.696501 34.390934 -6.642033 
-16.732300 30.453798 -7.038233 
-22.758432 44.652996 -7.303167 
-21.182634 41.490433 -8.116334 
-20.302599 51.204834 -6.967434 
-20.715134 49.510132 -8.140000 
-14.797734 54.420368 -6.191600 
-15.928833 53.659939 -7.334167 
-10.592734 56.017334 -5.821634 
-10.997566 55.599072 -6.666200 
-9.258901 57.025898 -6.049099 
-8.774867 56.730732 -6.702700 
-9.580067 57.746933 -6.494067 
-8.747167 57.533936 -7.179433 
-10.003500 58.277496 -6.757000 
-9.257367 58.118633 -7.586733 
-9.956800 58.651836 -6.706500 
-9.377467 58.544033 -7.654200 
-9.400001 58.880871 -6.339900 
-9.014501 58.820236 -7.358634 
-8.504834 59.068237 -5.773600 
-8.255433 59.004833 -6.776033 
-7.624300 59.422466 -5.233133 
-7.382833 59.276997 -6.125700 
-7.076567 60.105301 -4.910500 
-6.736866 59.836597 -5.658033 
-6.871700 61.017933 -4.795400 
-6.452867 60.695965 -5.457200 
-6.789066 61.914032 -4.741267 
-6.367300 61.626934 -5.391600 
-5.814566 62.590534 -3.995667 
-5.894000 62.395733 -4.921566 
-3.412566 62.856831 -2.629767 
-5.463767 5.617400 -7.158133 
-8.342933 5.918033 -9.910900 
-7.579867 5.172033 -10.876367 
-6.530033 8.638467 -7.574700 
-6.581266 7.651200 -9.249933 
-5.306200 11.207433 -5.860600 
-4.857600 10.416500 -6.690667 
-6.671833 15.222168 -5.947966 
-5.243767 13.610200 -6.167233 
-10.888534 23.289232 -7.320066 
-8.209534 20.061632 -7.247866 
-16.081699 34.390934 -9.049267 
-12.959201 30.453798 -9.095033 
-18.691767 44.652996 -9.976434 
-16.555000 41.490433 -10.513101 
-16.696867 51.204834 -9.545567 
-16.249268 49.510132 -10.568767 
-12.085366 54.420368 -8.489700 
-12.440768 53.659939 -9.528466 
-8.489533 56.017334 -7.966367 
-8.446134 55.599072 -8.647233 
-7.283367 57.025898 -8.261901 
-6.593166 56.730701 -8.680834 
-7.492033 57.746967 -8.868533 
-6.512200 57.533936 -9.297200 
-7.825334 58.277496 -9.235733 
-6.892834 58.118633 -9.832000 
-7.794900 58.651836 -9.175400 
-6.988767 58.544033 -9.927133 
-7.365034 58.880871 -8.682467 
-6.724733 58.820236 -9.551467 
-6.667400 59.068237 -7.912134 
-6.162401 59.004833 -8.799701 
-5.976400 59.422466 -7.170334 
-5.510233 59.276997 -7.954233 
-5.542734 60.105301 -6.722000 
-5.023700 59.836597 -7.341534 
-5.378933 61.017933 -6.559667 
-4.808367 60.695965 -7.076800 
-5.313934 61.914032 -6.485334 
-4.744300 61.626934 -6.991500 
-4.567700 62.590534 -5.491867 
-4.409300 62.395802 -6.405200 
-2.608600 62.856800 -3.497066 
5.087833 60.200001 -1.487433 
8.384033 60.202133 -1.641667 
7.647600 60.201069 -3.129100 
8.758567 60.945538 -1.667567 
8.215067 60.574337 -3.309200 
9.274067 65.288628 -1.806167 
8.515800 63.302601 -3.473700 
10.334100 74.111534 -2.044733 
9.350866 70.693001 -3.850900 
11.322333 82.198662 -2.207633 
10.407033 79.864265 -4.252367 
11.750466 85.626930 -2.245800 
11.015700 85.079895 -4.453434 
11.761300 86.227295 -2.228333 
11.117534 86.200531 -4.474100 
10.831567 86.781464 -1.964033 
10.649167 86.517670 -4.192333 
7.614367 88.476662 -1.161200 
8.507767 87.760864 -3.125200 
3.969466 89.528198 -1.161200 
3.470567 60.199966 -3.997033 
6.149766 60.202133 -5.898966 
4.741200 60.201035 -6.766833 
6.449934 60.945538 -6.122800 
5.120966 60.574337 -7.225067 
6.808933 65.288628 -6.521133 
5.286467 63.302601 -7.528500 
7.571667 74.111534 -7.300800 
5.787867 70.693001 -8.303400 
8.313967 82.198662 -7.977100 
6.461800 79.864265 -9.219367 
8.652567 85.626930 -8.242567 
6.866100 85.079895 -9.721500 
8.670834 86.227295 -8.233800 
6.940567 86.200531 -9.794600 
8.031633 86.781464 -7.506100 
6.697000 86.517670 -9.301700 
5.761100 88.476662 -5.084433 
5.467367 87.760864 -7.236933 
2.707700 89.528198 -3.120367 
0.756300 60.199966 -5.232633 
1.986033 60.202103 -8.284866 
0.320367 60.201035 -8.238033 
2.118467 60.945538 -8.636266 
0.392000 60.574337 -8.828032 
2.207800 65.288628 -9.167500 
0.368733 63.302601 -9.172867 
2.433400 74.111534 -10.240567 
0.375700 70.693001 -10.097199 
2.697400 82.198662 -11.216133 
0.452700 79.864265 -11.234633 
2.841000 85.626930 -11.625234 
0.524500 85.079895 -11.877566 
2.861334 86.227295 -11.628201 
0.548267 86.200531 -11.979900 
2.714500 86.781464 -10.668934 
0.609100 86.517670 -11.434601 
2.105800 88.476662 -7.398734 
0.687567 87.760864 -9.035033 
0.590067 89.528198 -4.085000 
-2.203200 60.200001 -4.808667 
-2.826667 60.202133 -8.030366 
-4.198866 60.201069 -7.110533 
-2.905500 60.945538 -8.396466 
-4.458400 60.574337 -7.645533 
-3.114866 65.288628 -8.891933 
-4.662533 63.302601 -7.923600 
-3.500000 74.111534 -9.916867 
-5.151433 70.693001 -8.706134 
-3.800667 82.198662 -10.880267 
-5.695633 79.864265 -9.705800 
-3.899167 85.626930 -11.301900 
-5.979633 85.079895 -10.285999 
-3.883500 86.227295 -11.315300 
-6.014333 86.200531 -10.384900 
-3.490267 86.781464 -10.428867 
-5.669700 86.517670 -9.957833 
-2.238933 88.476662 -7.349533 
-4.311266 87.760864 -7.977667 
-1.718867 89.528198 -3.753967 
-4.458833 60.199966 -2.858433 
-6.729400 60.202133 -5.240533 
-7.384300 60.201035 -3.711367 
-6.993567 60.945499 -5.506567 
-7.892267 60.574337 -4.021267 
-7.434700 65.288628 -5.809233 
-8.212633 63.302567 -4.143000 
-8.306834 74.111534 -6.462000 
-9.042300 70.693001 -4.533333 
-9.075067 82.198662 -7.109567 
-10.034734 79.864265 -5.076400 
-9.383433 85.626930 -7.411367 
-10.583800 85.079895 -5.409267 
-9.377234 86.227295 -7.431333 
-10.665833 86.200531 -5.473567 
-8.569667 86.781464 -6.898901 
-10.146267 86.517670 -5.302733 
-5.859267 88.476662 -4.985433 
-7.938133 87.760864 -4.377634 
-3.478733 89.528198 -2.231500 
-5.301267 60.199936 0.000000 
-8.501634 60.202103 -0.772800 
-8.226733 60.201000 0.853000 
-8.867634 60.945499 -0.852967 
-8.822033 60.574337 0.866400 
-9.400733 65.288597 -0.866400 
-9.156934 63.302601 0.938400 
-10.483700 74.111534 -0.938433 
-10.064067 70.693001 1.062367 
-11.476367 82.198662 -1.062367 
-11.189834 79.864265 1.147000 
-11.897167 85.626930 -1.147000 
-11.830033 85.079895 1.166833 
-11.902432 86.227295 -1.166833 
-11.933368 86.200531 1.157767 
-10.936433 86.781464 -1.157767 
-11.403934 86.517670 1.020467 
-7.625633 88.476662 -1.020433 
-9.047199 87.760864 0.603300 
-4.135967 89.528198 0.000000 
-4.458833 60.199966 2.858433 
-7.571833 60.202103 3.927700 
-6.454533 60.201035 5.160300 
-7.923367 60.945538 4.057600 
-6.947933 60.574337 5.493100 
-8.378966 65.288628 4.337400 
-7.190900 63.302601 5.737200 
-9.328601 74.111534 4.867867 
-7.887199 70.693001 6.338033 
-10.230167 82.198662 5.304867 
-8.788501 79.864265 7.024867 
-10.629634 85.626930 5.462866 
-9.316300 85.079895 7.391467 
-10.644767 86.227295 5.449133 
-9.408166 86.200531 7.440367 
-9.827333 86.781464 4.932133 
-9.037200 86.517670 7.036167 
-6.968367 88.476662 3.251933 
-7.280867 87.760864 5.402567 
-3.478700 89.528198 2.231500 
-2.203200 60.200001 4.808667 
-0.394967 60.199966 2.723000 
-4.239867 60.202133 7.392967 
-2.639133 60.201069 7.814034 
-4.465233 60.945538 7.692999 
-2.874367 60.574337 8.360100 
-4.698933 65.288628 8.177333 
-2.948533 63.302601 8.697534 
-5.214000 74.111534 9.142900 
-3.213667 70.693001 9.582367 
-5.738400 82.198662 10.004066 
-3.605233 79.864265 10.651834 
-5.989633 85.626930 10.355900 
-3.853300 85.079895 11.248300 
-6.009767 86.227295 10.352967 
-3.904533 86.200531 11.339767 
-5.600067 86.781464 9.474000 
-3.809200 86.517670 10.799466 
-4.099433 88.476662 6.507933 
-3.208700 87.760864 8.475200 
-1.410733 89.864098 1.628200 
-1.718900 89.528168 3.754000 
0.756300 60.199966 5.232633 
1.151300 60.199966 2.509600 
0.439733 60.202133 8.498300 
2.027000 60.201069 8.002433 
0.411800 60.945538 8.871799 
2.125267 60.574337 8.588799 
0.474567 65.288628 9.406766 
2.244133 63.302601 8.913766 
0.557967 74.111534 10.499700 
2.495933 70.693001 9.803767 
0.577167 82.198662 11.509500 
2.740133 79.864265 10.917900 
0.553633 85.626930 11.942000 
2.851000 85.079895 11.555367 
0.534833 86.227295 11.950433 
2.856767 86.200531 11.660133 
0.406000 86.781464 10.988667 
2.644900 86.517670 11.152801 
0.070033 88.476662 7.680533 
1.893967 87.760864 8.868466 
-0.308167 89.864098 2.125800 
0.590100 89.528198 4.084967 
3.470567 60.200001 3.997033 
4.981800 60.202133 6.921134 
6.030333 60.201069 5.638700 
5.160833 60.945499 7.250999 
6.430100 60.574337 6.079033 
5.499800 65.288628 7.667133 
6.703033 63.302567 6.287233 
6.155100 74.111534 8.542033 
7.389367 70.693001 6.898300 
6.712500 82.198662 9.382267 
8.189500 79.864265 7.702233 
6.924833 85.626930 9.759667 
8.623401 85.079895 8.178166 
6.913567 86.227295 9.777134 
8.684234 86.200531 8.263234 
6.287966 86.781464 9.037434 
8.234700 86.517670 7.952000 
4.223433 88.476662 6.434134 
6.378600 87.760864 6.438933 
2.707700 89.528198 3.120400 
5.087833 60.200001 1.487433 
7.934733 60.202133 3.129100 
8.143434 60.201069 1.487400 
8.262700 60.945499 3.309233 
8.718700 60.574337 1.641667 
8.770433 65.288597 3.473733 
9.060733 63.302601 1.667533 
9.789166 74.111534 3.850900 
9.966900 70.693001 1.806133 
10.706300 82.198662 4.252367 
11.071599 79.864265 2.044733 
11.085866 85.626930 4.453434 
11.691733 85.079895 2.207633 
11.085300 86.227295 4.474133 
11.788334 86.200531 2.245800 
10.160800 86.781464 4.192367 
11.240634 86.517670 2.228300 
7.022867 88.476662 3.125233 
8.858300 87.760864 1.964000 
3.969466 89.528198 1.161167 
