0 0 3087
1 1 3087
2 2 3087
3 3 3088
4 4 3088
5 5 3089
6 6 3089
7 7 3089
8 8 3090
9 9 3090
10 10 3091
11 11 3091
12 12 3092
13 13 3092
14 14 3092
15 15 3093
16 16 3093
17 17 3094
18 18 3094
19 19 3094
20 20 3095
21 21 3095
22 22 3096
23 23 3096
24 24 3097
25 25 3097
26 26 3097
27 27 3098
28 28 3098
29 29 3099
30 30 3099
31 31 3099
32 32 3100
33 33 3100
34 34 3101
35 35 3101
36 36 3102
37 37 3102
38 38 3102
39 39 3103
40 40 3103
41 41 3104
42 42 3104
43 43 3104
44 44 3105
45 45 3105
46 46 3106
47 47 3106
48 48 3107
49 49 3107
50 50 3107
51 51 3108
52 52 3108
53 53 3109
54 54 3109
55 55 3109
56 56 3110
57 57 3110
58 58 3111
59 59 3111
60 60 3112
61 61 3112
62 62 3112
63 63 3113
64 64 3113
65 65 3114
66 66 3114
67 67 3114
68 68 3115
69 69 3115
70 70 3116
71 71 3116
72 72 3117
73 73 3117
74 74 3117
75 75 3118
76 76 3118
77 77 3119
78 78 3119
79 79 3119
80 80 3120
81 81 3120
82 82 3121
83 83 3121
84 84 3122
85 85 3122
86 86 3122
87 87 3123
88 88 3123
89 89 3124
90 90 3124
91 91 3124
92 92 3125
93 93 3125
94 94 3126
95 95 3126
96 96 3127
97 97 3127
98 98 3127
99 99 3128
100 100 3128
101 101 3087
102 102 3087
103 103 3087
104 104 3088
105 105 3088
106 106 3089
107 107 3089
108 108 3089
109 109 3090
110 110 3090
111 111 3091
112 112 3091
113 113 3092
114 114 3092
115 115 3092
116 116 3093
117 117 3093
118 118 3094
119 119 3094
120 120 3094
121 121 3095
122 122 3095
123 123 3096
124 124 3096
125 125 3097
126 126 3097
127 127 3097
128 128 3098
129 129 3098
130 130 3099
131 131 3099
132 132 3099
133 133 3100
134 134 3100
135 135 3101
136 136 3101
137 137 3102
138 138 3102
139 139 3102
140 140 3103
141 141 3103
142 142 3104
143 143 3104
144 144 3104
145 145 3105
146 146 3105
147 147 3106
148 148 3106
149 149 3107
150 150 3107
151 151 3107
152 152 3108
153 153 3108
154 154 3109
155 155 3109
156 156 3109
157 157 3110
158 158 3110
159 159 3111
160 160 3111
161 161 3112
162 162 3112
163 163 3112
164 164 3113
165 165 3113
166 166 3114
167 167 3114
168 168 3114
169 169 3115
170 170 3115
171 171 3116
172 172 3116
173 173 3117
174 174 3117
175 175 3117
176 176 3118
177 177 3118
178 178 3119
179 179 3119
180 180 3119
181 181 3120
182 182 3120
183 183 3121
184 184 3121
185 185 3122
186 186 3122
187 187 3122
188 188 3123
189 189 3123
190 190 3124
191 191 3124
192 192 3124
193 193 3125
194 194 3125
195 195 3126
196 196 3126
197 197 3127
198 198 3127
199 199 3127
200 200 3128
201 201 3128
202 202 3087
203 203 3087
204 204 3087
205 205 3088
206 206 3088
207 207 3089
208 208 3089
209 209 3089
210 210 3090
211 211 3090
212 212 3091
213 213 3091
214 214 3092
215 215 3092
216 216 3092
217 217 3093
218 218 3093
219 219 3094
220 220 3094
221 221 3094
222 222 3095
223 223 3095
224 224 3096
225 225 3096
226 226 3097
227 227 3097
228 228 3097
229 229 3098
230 230 3098
231 231 3099
232 232 3099
233 233 3099
234 234 3100
235 235 3100
236 236 3101
237 237 3101
238 238 3102
239 239 3102
240 240 3102
241 241 3103
242 242 3103
243 243 3104
244 244 3104
245 245 3104
246 246 3105
247 247 3105
248 248 3106
249 249 3106
250 250 3107
251 251 3107
252 252 3107
253 253 3108
254 254 3108
255 255 3109
256 256 3109
257 257 3109
258 258 3110
259 259 3110
260 260 3111
261 261 3111
262 262 3112
263 263 3112
264 264 3112
265 265 3113
266 266 3113
267 267 3114
268 268 3114
269 269 3114
270 270 3115
271 271 3115
272 272 3116
273 273 3116
274 274 3117
275 275 3117
276 276 3117
277 277 3118
278 278 3118
279 279 3119
280 280 3119
281 281 3119
282 282 3120
283 283 3120
284 284 3121
285 285 3121
286 286 3122
287 287 3122
288 288 3122
289 289 3123
290 290 3123
291 291 3124
292 292 3124
293 293 3124
294 294 3125
295 295 3125
296 296 3126
297 297 3126
298 298 3127
299 299 3127
300 300 3127
301 301 3128
302 302 3128
303 303 3233
304 304 3233
305 305 3233
306 306 3234
307 307 3234
308 308 3235
309 309 3235
310 310 3235
311 311 3236
312 312 3236
313 313 3237
314 314 3237
315 315 3238
316 316 3238
317 317 3238
318 318 3239
319 319 3239
320 320 3240
321 321 3240
322 322 3240
323 323 3241
324 324 3241
325 325 3242
326 326 3242
327 327 3243
328 328 3243
329 329 3243
330 330 3244
331 331 3244
332 332 3245
333 333 3245
334 334 3245
335 335 3246
336 336 3246
337 337 3247
338 338 3247
339 339 3248
340 340 3248
341 341 3248
342 342 3249
343 343 3249
344 344 3250
345 345 3250
346 346 3250
347 347 3251
348 348 3251
349 349 3252
350 350 3252
351 351 3253
352 352 3253
353 353 3253
354 354 3254
355 355 3254
356 356 3255
357 357 3255
358 358 3255
359 359 3256
360 360 3256
361 361 3257
362 362 3257
363 363 3258
364 364 3258
365 365 3258
366 366 3259
367 367 3259
368 368 3260
369 369 3260
370 370 3260
371 371 3261
372 372 3261
373 373 3262
374 374 3262
375 375 3263
376 376 3263
377 377 3263
378 378 3264
379 379 3264
380 380 3265
381 381 3265
382 382 3265
383 383 3266
384 384 3266
385 385 3267
386 386 3267
387 387 3268
388 388 3268
389 389 3268
390 390 3269
391 391 3269
392 392 3270
393 393 3270
394 394 3270
395 395 3271
396 396 3271
397 397 3272
398 398 3272
399 399 3273
400 400 3273
401 401 3273
402 402 3274
403 403 3274
404 404 3233
405 405 3233
406 406 3233
407 407 3234
408 408 3234
409 409 3235
410 410 3235
411 411 3235
412 412 3236
413 413 3236
414 414 3237
415 415 3237
416 416 3238
417 417 3238
418 418 3238
419 419 3239
420 420 3239
421 421 3240
422 422 3240
423 423 3240
424 424 3241
425 425 3241
426 426 3242
427 427 3242
428 428 3243
429 429 3243
430 430 3243
431 431 3244
432 432 3244
433 433 3245
434 434 3245
435 435 3245
436 436 3246
437 437 3246
438 438 3247
439 439 3247
440 440 3248
441 441 3248
442 442 3248
443 443 3249
444 444 3249
445 445 3250
446 446 3250
447 447 3250
448 448 3251
449 449 3251
450 450 3252
451 451 3252
452 452 3253
453 453 3253
454 454 3253
455 455 3254
456 456 3254
457 457 3255
458 458 3255
459 459 3255
460 460 3256
461 461 3256
462 462 3257
463 463 3257
464 464 3258
465 465 3258
466 466 3258
467 467 3259
468 468 3259
469 469 3260
470 470 3260
471 471 3260
472 472 3261
473 473 3261
474 474 3262
475 475 3262
476 476 3263
477 477 3263
478 478 3263
479 479 3264
480 480 3264
481 481 3265
482 482 3265
483 483 3265
484 484 3266
485 485 3266
486 486 3267
487 487 3267
488 488 3268
489 489 3268
490 490 3268
491 491 3269
492 492 3269
493 493 3270
494 494 3270
495 495 3270
496 496 3271
497 497 3271
498 498 3272
499 499 3272
500 500 3273
501 501 3273
502 502 3273
503 503 3274
504 504 3274
505 505 3379
506 506 3379
507 507 3379
508 508 3380
509 509 3380
510 510 3381
511 511 3381
512 512 3381
513 513 3382
514 514 3382
515 515 3383
516 516 3383
517 517 3384
518 518 3384
519 519 3384
520 520 3385
521 521 3385
522 522 3386
523 523 3386
524 524 3386
525 525 3387
526 526 3387
527 527 3388
528 528 3388
529 529 3389
530 530 3389
531 531 3389
532 532 3390
533 533 3390
534 534 3391
535 535 3391
536 536 3391
537 537 3392
538 538 3392
539 539 3393
540 540 3393
541 541 3394
542 542 3394
543 543 3394
544 544 3395
545 545 3395
546 546 3396
547 547 3396
548 548 3396
549 549 3397
550 550 3397
551 551 3398
552 552 3398
553 553 3399
554 554 3399
555 555 3399
556 556 3400
557 557 3400
558 558 3401
559 559 3401
560 560 3401
561 561 3402
562 562 3402
563 563 3403
564 564 3403
565 565 3404
566 566 3404
567 567 3404
568 568 3405
569 569 3405
570 570 3406
571 571 3406
572 572 3406
573 573 3407
574 574 3407
575 575 3408
576 576 3408
577 577 3409
578 578 3409
579 579 3409
580 580 3410
581 581 3410
582 582 3411
583 583 3411
584 584 3411
585 585 3412
586 586 3412
587 587 3413
588 588 3413
589 589 3414
590 590 3414
591 591 3414
592 592 3415
593 593 3415
594 594 3416
595 595 3416
596 596 3416
597 597 3417
598 598 3417
599 599 3418
600 600 3418
601 601 3419
602 602 3419
603 603 3419
604 604 3420
605 605 3420
606 606 3379
607 607 3379
608 608 3379
609 609 3380
610 610 3380
611 611 3381
612 612 3381
613 613 3381
614 614 3382
615 615 3382
616 616 3383
617 617 3383
618 618 3384
619 619 3384
620 620 3384
621 621 3385
622 622 3385
623 623 3386
624 624 3386
625 625 3386
626 626 3387
627 627 3387
628 628 3388
629 629 3388
630 630 3389
631 631 3389
632 632 3389
633 633 3390
634 634 3390
635 635 3391
636 636 3391
637 637 3391
638 638 3392
639 639 3392
640 640 3393
641 641 3393
642 642 3394
643 643 3394
644 644 3394
645 645 3395
646 646 3395
647 647 3396
648 648 3396
649 649 3396
650 650 3397
651 651 3397
652 652 3398
653 653 3398
654 654 3399
655 655 3399
656 656 3399
657 657 3400
658 658 3400
659 659 3401
660 660 3401
661 661 3401
662 662 3402
663 663 3402
664 664 3403
665 665 3403
666 666 3404
667 667 3404
668 668 3404
669 669 3405
670 670 3405
671 671 3406
672 672 3406
673 673 3406
674 674 3407
675 675 3407
676 676 3408
677 677 3408
678 678 3409
679 679 3409
680 680 3409
681 681 3410
682 682 3410
683 683 3411
684 684 3411
685 685 3411
686 686 3412
687 687 3412
688 688 3413
689 689 3413
690 690 3414
691 691 3414
692 692 3414
693 693 3415
694 694 3415
695 695 3416
696 696 3416
697 697 3416
698 698 3417
699 699 3417
700 700 3418
701 701 3418
702 702 3419
703 703 3419
704 704 3419
705 705 3420
706 706 3420
707 707 3379
708 708 3379
709 709 3379
710 710 3380
711 711 3380
712 712 3381
713 713 3381
714 714 3381
715 715 3382
716 716 3382
717 717 3383
718 718 3383
719 719 3384
720 720 3384
721 721 3384
722 722 3385
723 723 3385
724 724 3386
725 725 3386
726 726 3386
727 727 3387
728 728 3387
729 729 3388
730 730 3388
731 731 3389
732 732 3389
733 733 3389
734 734 3390
735 735 3390
736 736 3391
737 737 3391
738 738 3391
739 739 3392
740 740 3392
741 741 3393
742 742 3393
743 743 3394
744 744 3394
745 745 3394
746 746 3395
747 747 3395
748 748 3396
749 749 3396
750 750 3396
751 751 3397
752 752 3397
753 753 3398
754 754 3398
755 755 3399
756 756 3399
757 757 3399
758 758 3400
759 759 3400
760 760 3401
761 761 3401
762 762 3401
763 763 3402
764 764 3402
765 765 3403
766 766 3403
767 767 3404
768 768 3404
769 769 3404
770 770 3405
771 771 3405
772 772 3406
773 773 3406
774 774 3406
775 775 3407
776 776 3407
777 777 3408
778 778 3408
779 779 3409
780 780 3409
781 781 3409
782 782 3410
783 783 3410
784 784 3411
785 785 3411
786 786 3411
787 787 3412
788 788 3412
789 789 3413
790 790 3413
791 791 3414
792 792 3414
793 793 3414
794 794 3415
795 795 3415
796 796 3416
797 797 3416
798 798 3416
799 799 3417
800 800 3417
801 801 3418
802 802 3418
803 803 3419
804 804 3419
805 805 3419
806 806 3420
807 807 3420
808 808 3525
809 809 3525
810 810 3525
811 811 3526
812 812 3526
813 813 3527
814 814 3527
815 815 3527
816 816 3528
817 817 3528
818 818 3529
819 819 3529
820 820 3530
821 821 3530
822 822 3530
823 823 3531
824 824 3531
825 825 3532
826 826 3532
827 827 3532
828 828 3533
829 829 3533
830 830 3534
831 831 3534
832 832 3535
833 833 3535
834 834 3535
835 835 3536
836 836 3536
837 837 3537
838 838 3537
839 839 3537
840 840 3538
841 841 3538
842 842 3539
843 843 3539
844 844 3540
845 845 3540
846 846 3540
847 847 3541
848 848 3541
849 849 3542
850 850 3542
851 851 3542
852 852 3543
853 853 3543
854 854 3544
855 855 3544
856 856 3545
857 857 3545
858 858 3545
859 859 3546
860 860 3546
861 861 3547
862 862 3547
863 863 3547
864 864 3548
865 865 3548
866 866 3549
867 867 3549
868 868 3550
869 869 3550
870 870 3550
871 871 3551
872 872 3551
873 873 3552
874 874 3552
875 875 3552
876 876 3553
877 877 3553
878 878 3554
879 879 3554
880 880 3555
881 881 3555
882 882 3555
883 883 3556
884 884 3556
885 885 3557
886 886 3557
887 887 3557
888 888 3558
889 889 3558
890 890 3559
891 891 3559
892 892 3560
893 893 3560
894 894 3560
895 895 3561
896 896 3561
897 897 3562
898 898 3562
899 899 3562
900 900 3563
901 901 3563
902 902 3564
903 903 3564
904 904 3565
905 905 3565
906 906 3565
907 907 3566
908 908 3566
909 909 3525
910 910 3525
911 911 3525
912 912 3526
913 913 3526
914 914 3527
915 915 3527
916 916 3527
917 917 3528
918 918 3528
919 919 3529
920 920 3529
921 921 3530
922 922 3530
923 923 3530
924 924 3531
925 925 3531
926 926 3532
927 927 3532
928 928 3532
929 929 3533
930 930 3533
931 931 3534
932 932 3534
933 933 3535
934 934 3535
935 935 3535
936 936 3536
937 937 3536
938 938 3537
939 939 3537
940 940 3537
941 941 3538
942 942 3538
943 943 3539
944 944 3539
945 945 3540
946 946 3540
947 947 3540
948 948 3541
949 949 3541
950 950 3542
951 951 3542
952 952 3542
953 953 3543
954 954 3543
955 955 3544
956 956 3544
957 957 3545
958 958 3545
959 959 3545
960 960 3546
961 961 3546
962 962 3547
963 963 3547
964 964 3547
965 965 3548
966 966 3548
967 967 3549
968 968 3549
969 969 3550
970 970 3550
971 971 3550
972 972 3551
973 973 3551
974 974 3552
975 975 3552
976 976 3552
977 977 3553
978 978 3553
979 979 3554
980 980 3554
981 981 3555
982 982 3555
983 983 3555
984 984 3556
985 985 3556
986 986 3557
987 987 3557
988 988 3557
989 989 3558
990 990 3558
991 991 3559
992 992 3559
993 993 3560
994 994 3560
995 995 3560
996 996 3561
997 997 3561
998 998 3562
999 999 3562
1000 1000 3562
1001 1001 3563
1002 1002 3563
1003 1003 3564
1004 1004 3564
1005 1005 3565
1006 1006 3565
1007 1007 3565
1008 1008 3566
1009 1009 3566
1010 1010 3671
1011 1011 3671
1012 1012 3671
1013 1013 3672
1014 1014 3672
1015 1015 3673
1016 1016 3673
1017 1017 3673
1018 1018 3674
1019 1019 3674
1020 1020 3675
1021 1021 3675
1022 1022 3676
1023 1023 3676
1024 1024 3676
1025 1025 3677
1026 1026 3677
1027 1027 3678
1028 1028 3678
1029 1029 3678
1030 1030 3679
1031 1031 3679
1032 1032 3680
1033 1033 3680
1034 1034 3681
1035 1035 3681
1036 1036 3681
1037 1037 3682
1038 1038 3682
1039 1039 3683
1040 1040 3683
1041 1041 3683
1042 1042 3684
1043 1043 3684
1044 1044 3685
1045 1045 3685
1046 1046 3686
1047 1047 3686
1048 1048 3686
1049 1049 3687
1050 1050 3687
1051 1051 3688
1052 1052 3688
1053 1053 3688
1054 1054 3689
1055 1055 3689
1056 1056 3690
1057 1057 3690
1058 1058 3691
1059 1059 3691
1060 1060 3691
1061 1061 3692
1062 1062 3692
1063 1063 3693
1064 1064 3693
1065 1065 3693
1066 1066 3694
1067 1067 3694
1068 1068 3695
1069 1069 3695
1070 1070 3696
1071 1071 3696
1072 1072 3696
1073 1073 3697
1074 1074 3697
1075 1075 3698
1076 1076 3698
1077 1077 3698
1078 1078 3699
1079 1079 3699
1080 1080 3700
1081 1081 3700
1082 1082 3701
1083 1083 3701
1084 1084 3701
1085 1085 3702
1086 1086 3702
1087 1087 3703
1088 1088 3703
1089 1089 3703
1090 1090 3704
1091 1091 3704
1092 1092 3705
1093 1093 3705
1094 1094 3706
1095 1095 3706
1096 1096 3706
1097 1097 3707
1098 1098 3707
1099 1099 3708
1100 1100 3708
1101 1101 3708
1102 1102 3709
1103 1103 3709
1104 1104 3710
1105 1105 3710
1106 1106 3711
1107 1107 3711
1108 1108 3711
1109 1109 3712
1110 1110 3712
1111 1111 3671
1112 1112 3671
1113 1113 3671
1114 1114 3672
1115 1115 3672
1116 1116 3673
1117 1117 3673
1118 1118 3673
1119 1119 3674
1120 1120 3674
1121 1121 3675
1122 1122 3675
1123 1123 3676
1124 1124 3676
1125 1125 3676
1126 1126 3677
1127 1127 3677
1128 1128 3678
1129 1129 3678
1130 1130 3678
1131 1131 3679
1132 1132 3679
1133 1133 3680
1134 1134 3680
1135 1135 3681
1136 1136 3681
1137 1137 3681
1138 1138 3682
1139 1139 3682
1140 1140 3683
1141 1141 3683
1142 1142 3683
1143 1143 3684
1144 1144 3684
1145 1145 3685
1146 1146 3685
1147 1147 3686
1148 1148 3686
1149 1149 3686
1150 1150 3687
1151 1151 3687
1152 1152 3688
1153 1153 3688
1154 1154 3688
1155 1155 3689
1156 1156 3689
1157 1157 3690
1158 1158 3690
1159 1159 3691
1160 1160 3691
1161 1161 3691
1162 1162 3692
1163 1163 3692
1164 1164 3693
1165 1165 3693
1166 1166 3693
1167 1167 3694
1168 1168 3694
1169 1169 3695
1170 1170 3695
1171 1171 3696
1172 1172 3696
1173 1173 3696
1174 1174 3697
1175 1175 3697
1176 1176 3698
1177 1177 3698
1178 1178 3698
1179 1179 3699
1180 1180 3699
1181 1181 3700
1182 1182 3700
1183 1183 3701
1184 1184 3701
1185 1185 3701
1186 1186 3702
1187 1187 3702
1188 1188 3703
1189 1189 3703
1190 1190 3703
1191 1191 3704
1192 1192 3704
1193 1193 3705
1194 1194 3705
1195 1195 3706
1196 1196 3706
1197 1197 3706
1198 1198 3707
1199 1199 3707
1200 1200 3708
1201 1201 3708
1202 1202 3708
1203 1203 3709
1204 1204 3709
1205 1205 3710
1206 1206 3710
1207 1207 3711
1208 1208 3711
1209 1209 3711
1210 1210 3712
1211 1211 3712
1212 1212 3817
1213 1213 3817
1214 1214 3817
1215 1215 3818
1216 1216 3818
1217 1217 3819
1218 1218 3819
1219 1219 3819
1220 1220 3820
1221 1221 3820
1222 1222 3821
1223 1223 3821
1224 1224 3822
1225 1225 3822
1226 1226 3822
1227 1227 3823
1228 1228 3823
1229 1229 3824
1230 1230 3824
1231 1231 3824
1232 1232 3825
1233 1233 3825
1234 1234 3826
1235 1235 3826
1236 1236 3827
1237 1237 3827
1238 1238 3827
1239 1239 3828
1240 1240 3828
1241 1241 3829
1242 1242 3829
1243 1243 3829
1244 1244 3830
1245 1245 3830
1246 1246 3831
1247 1247 3831
1248 1248 3832
1249 1249 3832
1250 1250 3832
1251 1251 3833
1252 1252 3833
1253 1253 3834
1254 1254 3834
1255 1255 3834
1256 1256 3835
1257 1257 3835
1258 1258 3836
1259 1259 3836
1260 1260 3837
1261 1261 3837
1262 1262 3837
1263 1263 3838
1264 1264 3838
1265 1265 3839
1266 1266 3839
1267 1267 3839
1268 1268 3840
1269 1269 3840
1270 1270 3841
1271 1271 3841
1272 1272 3842
1273 1273 3842
1274 1274 3842
1275 1275 3843
1276 1276 3843
1277 1277 3844
1278 1278 3844
1279 1279 3844
1280 1280 3845
1281 1281 3845
1282 1282 3846
1283 1283 3846
1284 1284 3847
1285 1285 3847
1286 1286 3847
1287 1287 3848
1288 1288 3848
1289 1289 3849
1290 1290 3849
1291 1291 3849
1292 1292 3850
1293 1293 3850
1294 1294 3851
1295 1295 3851
1296 1296 3852
1297 1297 3852
1298 1298 3852
1299 1299 3853
1300 1300 3853
1301 1301 3854
1302 1302 3854
1303 1303 3854
1304 1304 3855
1305 1305 3855
1306 1306 3856
1307 1307 3856
1308 1308 3857
1309 1309 3857
1310 1310 3857
1311 1311 3858
1312 1312 3858
1313 1313 3817
1314 1314 3817
1315 1315 3817
1316 1316 3818
1317 1317 3818
1318 1318 3819
1319 1319 3819
1320 1320 3819
1321 1321 3820
1322 1322 3820
1323 1323 3821
1324 1324 3821
1325 1325 3822
1326 1326 3822
1327 1327 3822
1328 1328 3823
1329 1329 3823
1330 1330 3824
1331 1331 3824
1332 1332 3824
1333 1333 3825
1334 1334 3825
1335 1335 3826
1336 1336 3826
1337 1337 3827
1338 1338 3827
1339 1339 3827
1340 1340 3828
1341 1341 3828
1342 1342 3829
1343 1343 3829
1344 1344 3829
1345 1345 3830
1346 1346 3830
1347 1347 3831
1348 1348 3831
1349 1349 3832
1350 1350 3832
1351 1351 3832
1352 1352 3833
1353 1353 3833
1354 1354 3834
1355 1355 3834
1356 1356 3834
1357 1357 3835
1358 1358 3835
1359 1359 3836
1360 1360 3836
1361 1361 3837
1362 1362 3837
1363 1363 3837
1364 1364 3838
1365 1365 3838
1366 1366 3839
1367 1367 3839
1368 1368 3839
1369 1369 3840
1370 1370 3840
1371 1371 3841
1372 1372 3841
1373 1373 3842
1374 1374 3842
1375 1375 3842
1376 1376 3843
1377 1377 3843
1378 1378 3844
1379 1379 3844
1380 1380 3844
1381 1381 3845
1382 1382 3845
1383 1383 3846
1384 1384 3846
1385 1385 3847
1386 1386 3847
1387 1387 3847
1388 1388 3848
1389 1389 3848
1390 1390 3849
1391 1391 3849
1392 1392 3849
1393 1393 3850
1394 1394 3850
1395 1395 3851
1396 1396 3851
1397 1397 3852
1398 1398 3852
1399 1399 3852
1400 1400 3853
1401 1401 3853
1402 1402 3854
1403 1403 3854
1404 1404 3854
1405 1405 3855
1406 1406 3855
1407 1407 3856
1408 1408 3856
1409 1409 3857
1410 1410 3857
1411 1411 3857
1412 1412 3858
1413 1413 3858
1414 1414 3817
1415 1415 3817
1416 1416 3817
1417 1417 3818
1418 1418 3818
1419 1419 3819
1420 1420 3819
1421 1421 3819
1422 1422 3820
1423 1423 3820
1424 1424 3821
1425 1425 3821
1426 1426 3822
1427 1427 3822
1428 1428 3822
1429 1429 3823
1430 1430 3823
1431 1431 3824
1432 1432 3824
1433 1433 3824
1434 1434 3825
1435 1435 3825
1436 1436 3826
1437 1437 3826
1438 1438 3827
1439 1439 3827
1440 1440 3827
1441 1441 3828
1442 1442 3828
1443 1443 3829
1444 1444 3829
1445 1445 3829
1446 1446 3830
1447 1447 3830
1448 1448 3831
1449 1449 3831
1450 1450 3832
1451 1451 3832
1452 1452 3832
1453 1453 3833
1454 1454 3833
1455 1455 3834
1456 1456 3834
1457 1457 3834
1458 1458 3835
1459 1459 3835
1460 1460 3836
1461 1461 3836
1462 1462 3837
1463 1463 3837
1464 1464 3837
1465 1465 3838
1466 1466 3838
1467 1467 3839
1468 1468 3839
1469 1469 3839
1470 1470 3840
1471 1471 3840
1472 1472 3841
1473 1473 3841
1474 1474 3842
1475 1475 3842
1476 1476 3842
1477 1477 3843
1478 1478 3843
1479 1479 3844
1480 1480 3844
1481 1481 3844
1482 1482 3845
1483 1483 3845
1484 1484 3846
1485 1485 3846
1486 1486 3847
1487 1487 3847
1488 1488 3847
1489 1489 3848
1490 1490 3848
1491 1491 3849
1492 1492 3849
1493 1493 3849
1494 1494 3850
1495 1495 3850
1496 1496 3851
1497 1497 3851
1498 1498 3852
1499 1499 3852
1500 1500 3852
1501 1501 3853
1502 1502 3853
1503 1503 3854
1504 1504 3854
1505 1505 3854
1506 1506 3855
1507 1507 3855
1508 1508 3856
1509 1509 3856
1510 1510 3857
1511 1511 3857
1512 1512 3857
1513 1513 3858
1514 1514 3858
1515 1515 3963
1516 1516 3963
1517 1517 3963
1518 1518 3964
1519 1519 3964
1520 1520 3965
1521 1521 3965
1522 1522 3965
1523 1523 3966
1524 1524 3966
1525 1525 3967
1526 1526 3967
1527 1527 3968
1528 1528 3968
1529 1529 3968
1530 1530 3969
1531 1531 3969
1532 1532 3970
1533 1533 3970
1534 1534 3970
1535 1535 3971
1536 1536 3971
1537 1537 3972
1538 1538 3972
1539 1539 3973
1540 1540 3973
1541 1541 3973
1542 1542 3974
1543 1543 3974
1544 1544 3975
1545 1545 3975
1546 1546 3975
1547 1547 3976
1548 1548 3976
1549 1549 3977
1550 1550 3977
1551 1551 3978
1552 1552 3978
1553 1553 3978
1554 1554 3979
1555 1555 3979
1556 1556 3980
1557 1557 3980
1558 1558 3980
1559 1559 3981
1560 1560 3981
1561 1561 3982
1562 1562 3982
1563 1563 3983
1564 1564 3983
1565 1565 3983
1566 1566 3984
1567 1567 3984
1568 1568 3985
1569 1569 3985
1570 1570 3985
1571 1571 3986
1572 1572 3986
1573 1573 3987
1574 1574 3987
1575 1575 3988
1576 1576 3988
1577 1577 3988
1578 1578 3989
1579 1579 3989
1580 1580 3990
1581 1581 3990
1582 1582 3990
1583 1583 3991
1584 1584 3991
1585 1585 3992
1586 1586 3992
1587 1587 3993
1588 1588 3993
1589 1589 3993
1590 1590 3994
1591 1591 3994
1592 1592 3995
1593 1593 3995
1594 1594 3995
1595 1595 3996
1596 1596 3996
1597 1597 3997
1598 1598 3997
1599 1599 3998
1600 1600 3998
1601 1601 3998
1602 1602 3999
1603 1603 3999
1604 1604 4000
1605 1605 4000
1606 1606 4000
1607 1607 4001
1608 1608 4001
1609 1609 4002
1610 1610 4002
1611 1611 4003
1612 1612 4003
1613 1613 4003
1614 1614 4004
1615 1615 4004
1616 1616 3963
1617 1617 3963
1618 1618 3963
1619 1619 3964
1620 1620 3964
1621 1621 3965
1622 1622 3965
1623 1623 3965
1624 1624 3966
1625 1625 3966
1626 1626 3967
1627 1627 3967
1628 1628 3968
1629 1629 3968
1630 1630 3968
1631 1631 3969
1632 1632 3969
1633 1633 3970
1634 1634 3970
1635 1635 3970
1636 1636 3971
1637 1637 3971
1638 1638 3972
1639 1639 3972
1640 1640 3973
1641 1641 3973
1642 1642 3973
1643 1643 3974
1644 1644 3974
1645 1645 3975
1646 1646 3975
1647 1647 3975
1648 1648 3976
1649 1649 3976
1650 1650 3977
1651 1651 3977
1652 1652 3978
1653 1653 3978
1654 1654 3978
1655 1655 3979
1656 1656 3979
1657 1657 3980
1658 1658 3980
1659 1659 3980
1660 1660 3981
1661 1661 3981
1662 1662 3982
1663 1663 3982
1664 1664 3983
1665 1665 3983
1666 1666 3983
1667 1667 3984
1668 1668 3984
1669 1669 3985
1670 1670 3985
1671 1671 3985
1672 1672 3986
1673 1673 3986
1674 1674 3987
1675 1675 3987
1676 1676 3988
1677 1677 3988
1678 1678 3988
1679 1679 3989
1680 1680 3989
1681 1681 3990
1682 1682 3990
1683 1683 3990
1684 1684 3991
1685 1685 3991
1686 1686 3992
1687 1687 3992
1688 1688 3993
1689 1689 3993
1690 1690 3993
1691 1691 3994
1692 1692 3994
1693 1693 3995
1694 1694 3995
1695 1695 3995
1696 1696 3996
1697 1697 3996
1698 1698 3997
1699 1699 3997
1700 1700 3998
1701 1701 3998
1702 1702 3998
1703 1703 3999
1704 1704 3999
1705 1705 4000
1706 1706 4000
1707 1707 4000
1708 1708 4001
1709 1709 4001
1710 1710 4002
1711 1711 4002
1712 1712 4003
1713 1713 4003
1714 1714 4003
1715 1715 4004
1716 1716 4004
1717 1717 4109
1718 1718 4109
1719 1719 4109
1720 1720 4110
1721 1721 4110
1722 1722 4111
1723 1723 4111
1724 1724 4111
1725 1725 4112
1726 1726 4112
1727 1727 4113
1728 1728 4113
1729 1729 4114
1730 1730 4114
1731 1731 4114
1732 1732 4115
1733 1733 4115
1734 1734 4116
1735 1735 4116
1736 1736 4116
1737 1737 4117
1738 1738 4117
1739 1739 4118
1740 1740 4118
1741 1741 4119
1742 1742 4119
1743 1743 4119
1744 1744 4120
1745 1745 4120
1746 1746 4121
1747 1747 4121
1748 1748 4121
1749 1749 4122
1750 1750 4122
1751 1751 4123
1752 1752 4123
1753 1753 4124
1754 1754 4124
1755 1755 4124
1756 1756 4125
1757 1757 4125
1758 1758 4126
1759 1759 4126
1760 1760 4126
1761 1761 4127
1762 1762 4127
1763 1763 4128
1764 1764 4128
1765 1765 4129
1766 1766 4129
1767 1767 4129
1768 1768 4130
1769 1769 4130
1770 1770 4131
1771 1771 4131
1772 1772 4131
1773 1773 4132
1774 1774 4132
1775 1775 4133
1776 1776 4133
1777 1777 4134
1778 1778 4134
1779 1779 4134
1780 1780 4135
1781 1781 4135
1782 1782 4136
1783 1783 4136
1784 1784 4136
1785 1785 4137
1786 1786 4137
1787 1787 4138
1788 1788 4138
1789 1789 4139
1790 1790 4139
1791 1791 4139
1792 1792 4140
1793 1793 4140
1794 1794 4141
1795 1795 4141
1796 1796 4141
1797 1797 4142
1798 1798 4142
1799 1799 4143
1800 1800 4143
1801 1801 4144
1802 1802 4144
1803 1803 4144
1804 1804 4145
1805 1805 4145
1806 1806 4146
1807 1807 4146
1808 1808 4146
1809 1809 4147
1810 1810 4147
1811 1811 4148
1812 1812 4148
1813 1813 4149
1814 1814 4149
1815 1815 4149
1816 1816 4150
1817 1817 4150
1818 1818 4109
1819 1819 4109
1820 1820 4109
1821 1821 4110
1822 1822 4110
1823 1823 4111
1824 1824 4111
1825 1825 4111
1826 1826 4112
1827 1827 4112
1828 1828 4113
1829 1829 4113
1830 1830 4114
1831 1831 4114
1832 1832 4114
1833 1833 4115
1834 1834 4115
1835 1835 4116
1836 1836 4116
1837 1837 4116
1838 1838 4117
1839 1839 4117
1840 1840 4118
1841 1841 4118
1842 1842 4119
1843 1843 4119
1844 1844 4119
1845 1845 4120
1846 1846 4120
1847 1847 4121
1848 1848 4121
1849 1849 4121
1850 1850 4122
1851 1851 4122
1852 1852 4123
1853 1853 4123
1854 1854 4124
1855 1855 4124
1856 1856 4124
1857 1857 4125
1858 1858 4125
1859 1859 4126
1860 1860 4126
1861 1861 4126
1862 1862 4127
1863 1863 4127
1864 1864 4128
1865 1865 4128
1866 1866 4129
1867 1867 4129
1868 1868 4129
1869 1869 4130
1870 1870 4130
1871 1871 4131
1872 1872 4131
1873 1873 4131
1874 1874 4132
1875 1875 4132
1876 1876 4133
1877 1877 4133
1878 1878 4134
1879 1879 4134
1880 1880 4134
1881 1881 4135
1882 1882 4135
1883 1883 4136
1884 1884 4136
1885 1885 4136
1886 1886 4137
1887 1887 4137
1888 1888 4138
1889 1889 4138
1890 1890 4139
1891 1891 4139
1892 1892 4139
1893 1893 4140
1894 1894 4140
1895 1895 4141
1896 1896 4141
1897 1897 4141
1898 1898 4142
1899 1899 4142
1900 1900 4143
1901 1901 4143
1902 1902 4144
1903 1903 4144
1904 1904 4144
1905 1905 4145
1906 1906 4145
1907 1907 4146
1908 1908 4146
1909 1909 4146
1910 1910 4147
1911 1911 4147
1912 1912 4148
1913 1913 4148
1914 1914 4149
1915 1915 4149
1916 1916 4149
1917 1917 4150
1918 1918 4150
1919 1919 4109
1920 1920 4109
1921 1921 4109
1922 1922 4110
1923 1923 4110
1924 1924 4111
1925 1925 4111
1926 1926 4111
1927 1927 4112
1928 1928 4112
1929 1929 4113
1930 1930 4113
1931 1931 4114
1932 1932 4114
1933 1933 4114
1934 1934 4115
1935 1935 4115
1936 1936 4116
1937 1937 4116
1938 1938 4116
1939 1939 4117
1940 1940 4117
1941 1941 4118
1942 1942 4118
1943 1943 4119
1944 1944 4119
1945 1945 4119
1946 1946 4120
1947 1947 4120
1948 1948 4121
1949 1949 4121
1950 1950 4121
1951 1951 4122
1952 1952 4122
1953 1953 4123
1954 1954 4123
1955 1955 4124
1956 1956 4124
1957 1957 4124
1958 1958 4125
1959 1959 4125
1960 1960 4126
1961 1961 4126
1962 1962 4126
1963 1963 4127
1964 1964 4127
1965 1965 4128
1966 1966 4128
1967 1967 4129
1968 1968 4129
1969 1969 4129
1970 1970 4130
1971 1971 4130
1972 1972 4131
1973 1973 4131
1974 1974 4131
1975 1975 4132
1976 1976 4132
1977 1977 4133
1978 1978 4133
1979 1979 4134
1980 1980 4134
1981 1981 4134
1982 1982 4135
1983 1983 4135
1984 1984 4136
1985 1985 4136
1986 1986 4136
1987 1987 4137
1988 1988 4137
1989 1989 4138
1990 1990 4138
1991 1991 4139
1992 1992 4139
1993 1993 4139
1994 1994 4140
1995 1995 4140
1996 1996 4141
1997 1997 4141
1998 1998 4141
1999 1999 4142
2000 2000 4142
2001 2001 4143
2002 2002 4143
2003 2003 4144
2004 2004 4144
2005 2005 4144
2006 2006 4145
2007 2007 4145
2008 2008 4146
2009 2009 4146
2010 2010 4146
2011 2011 4147
2012 2012 4147
2013 2013 4148
2014 2014 4148
2015 2015 4149
2016 2016 4149
2017 2017 4149
2018 2018 4150
2019 2019 4150
2020 2020 4255
2021 2021 4255
2022 2022 4255
2023 2023 4256
2024 2024 4256
2025 2025 4257
2026 2026 4257
2027 2027 4257
2028 2028 4258
2029 2029 4258
2030 2030 4259
2031 2031 4259
2032 2032 4260
2033 2033 4260
2034 2034 4260
2035 2035 4261
2036 2036 4261
2037 2037 4262
2038 2038 4262
2039 2039 4262
2040 2040 4263
2041 2041 4263
2042 2042 4264
2043 2043 4264
2044 2044 4265
2045 2045 4265
2046 2046 4265
2047 2047 4266
2048 2048 4266
2049 2049 4267
2050 2050 4267
2051 2051 4267
2052 2052 4268
2053 2053 4268
2054 2054 4269
2055 2055 4269
2056 2056 4270
2057 2057 4270
2058 2058 4270
2059 2059 4271
2060 2060 4271
2061 2061 4272
2062 2062 4272
2063 2063 4272
2064 2064 4273
2065 2065 4273
2066 2066 4274
2067 2067 4274
2068 2068 4275
2069 2069 4275
2070 2070 4275
2071 2071 4276
2072 2072 4276
2073 2073 4277
2074 2074 4277
2075 2075 4277
2076 2076 4278
2077 2077 4278
2078 2078 4279
2079 2079 4279
2080 2080 4280
2081 2081 4280
2082 2082 4280
2083 2083 4281
2084 2084 4281
2085 2085 4282
2086 2086 4282
2087 2087 4282
2088 2088 4283
2089 2089 4283
2090 2090 4284
2091 2091 4284
2092 2092 4285
2093 2093 4285
2094 2094 4285
2095 2095 4286
2096 2096 4286
2097 2097 4287
2098 2098 4287
2099 2099 4287
2100 2100 4288
2101 2101 4288
2102 2102 4289
2103 2103 4289
2104 2104 4290
2105 2105 4290
2106 2106 4290
2107 2107 4291
2108 2108 4291
2109 2109 4292
2110 2110 4292
2111 2111 4292
2112 2112 4293
2113 2113 4293
2114 2114 4294
2115 2115 4294
2116 2116 4295
2117 2117 4295
2118 2118 4295
2119 2119 4296
2120 2120 4296
2121 2121 4255
2122 2122 4255
2123 2123 4255
2124 2124 4256
2125 2125 4256
2126 2126 4257
2127 2127 4257
2128 2128 4257
2129 2129 4258
2130 2130 4258
2131 2131 4259
2132 2132 4259
2133 2133 4260
2134 2134 4260
2135 2135 4260
2136 2136 4261
2137 2137 4261
2138 2138 4262
2139 2139 4262
2140 2140 4262
2141 2141 4263
2142 2142 4263
2143 2143 4264
2144 2144 4264
2145 2145 4265
2146 2146 4265
2147 2147 4265
2148 2148 4266
2149 2149 4266
2150 2150 4267
2151 2151 4267
2152 2152 4267
2153 2153 4268
2154 2154 4268
2155 2155 4269
2156 2156 4269
2157 2157 4270
2158 2158 4270
2159 2159 4270
2160 2160 4271
2161 2161 4271
2162 2162 4272
2163 2163 4272
2164 2164 4272
2165 2165 4273
2166 2166 4273
2167 2167 4274
2168 2168 4274
2169 2169 4275
2170 2170 4275
2171 2171 4275
2172 2172 4276
2173 2173 4276
2174 2174 4277
2175 2175 4277
2176 2176 4277
2177 2177 4278
2178 2178 4278
2179 2179 4279
2180 2180 4279
2181 2181 4280
2182 2182 4280
2183 2183 4280
2184 2184 4281
2185 2185 4281
2186 2186 4282
2187 2187 4282
2188 2188 4282
2189 2189 4283
2190 2190 4283
2191 2191 4284
2192 2192 4284
2193 2193 4285
2194 2194 4285
2195 2195 4285
2196 2196 4286
2197 2197 4286
2198 2198 4287
2199 2199 4287
2200 2200 4287
2201 2201 4288
2202 2202 4288
2203 2203 4289
2204 2204 4289
2205 2205 4290
2206 2206 4290
2207 2207 4290
2208 2208 4291
2209 2209 4291
2210 2210 4292
2211 2211 4292
2212 2212 4292
2213 2213 4293
2214 2214 4293
2215 2215 4294
2216 2216 4294
2217 2217 4295
2218 2218 4295
2219 2219 4295
2220 2220 4296
2221 2221 4296
2222 2222 4401
2223 2223 4401
2224 2224 4401
2225 2225 4402
2226 2226 4402
2227 2227 4403
2228 2228 4403
2229 2229 4403
2230 2230 4404
2231 2231 4404
2232 2232 4405
2233 2233 4405
2234 2234 4406
2235 2235 4406
2236 2236 4406
2237 2237 4407
2238 2238 4407
2239 2239 4408
2240 2240 4408
2241 2241 4408
2242 2242 4409
2243 2243 4409
2244 2244 4410
2245 2245 4410
2246 2246 4411
2247 2247 4411
2248 2248 4411
2249 2249 4412
2250 2250 4412
2251 2251 4413
2252 2252 4413
2253 2253 4413
2254 2254 4414
2255 2255 4414
2256 2256 4415
2257 2257 4415
2258 2258 4416
2259 2259 4416
2260 2260 4416
2261 2261 4417
2262 2262 4417
2263 2263 4418
2264 2264 4418
2265 2265 4418
2266 2266 4419
2267 2267 4419
2268 2268 4420
2269 2269 4420
2270 2270 4421
2271 2271 4421
2272 2272 4421
2273 2273 4422
2274 2274 4422
2275 2275 4423
2276 2276 4423
2277 2277 4423
2278 2278 4424
2279 2279 4424
2280 2280 4425
2281 2281 4425
2282 2282 4426
2283 2283 4426
2284 2284 4426
2285 2285 4427
2286 2286 4427
2287 2287 4428
2288 2288 4428
2289 2289 4428
2290 2290 4429
2291 2291 4429
2292 2292 4430
2293 2293 4430
2294 2294 4431
2295 2295 4431
2296 2296 4431
2297 2297 4432
2298 2298 4432
2299 2299 4433
2300 2300 4433
2301 2301 4433
2302 2302 4434
2303 2303 4434
2304 2304 4435
2305 2305 4435
2306 2306 4436
2307 2307 4436
2308 2308 4436
2309 2309 4437
2310 2310 4437
2311 2311 4438
2312 2312 4438
2313 2313 4438
2314 2314 4439
2315 2315 4439
2316 2316 4440
2317 2317 4440
2318 2318 4441
2319 2319 4441
2320 2320 4441
2321 2321 4442
2322 2322 4442
2323 2323 4401
2324 2324 4401
2325 2325 4401
2326 2326 4402
2327 2327 4402
2328 2328 4403
2329 2329 4403
2330 2330 4403
2331 2331 4404
2332 2332 4404
2333 2333 4405
2334 2334 4405
2335 2335 4406
2336 2336 4406
2337 2337 4406
2338 2338 4407
2339 2339 4407
2340 2340 4408
2341 2341 4408
2342 2342 4408
2343 2343 4409
2344 2344 4409
2345 2345 4410
2346 2346 4410
2347 2347 4411
2348 2348 4411
2349 2349 4411
2350 2350 4412
2351 2351 4412
2352 2352 4413
2353 2353 4413
2354 2354 4413
2355 2355 4414
2356 2356 4414
2357 2357 4415
2358 2358 4415
2359 2359 4416
2360 2360 4416
2361 2361 4416
2362 2362 4417
2363 2363 4417
2364 2364 4418
2365 2365 4418
2366 2366 4418
2367 2367 4419
2368 2368 4419
2369 2369 4420
2370 2370 4420
2371 2371 4421
2372 2372 4421
2373 2373 4421
2374 2374 4422
2375 2375 4422
2376 2376 4423
2377 2377 4423
2378 2378 4423
2379 2379 4424
2380 2380 4424
2381 2381 4425
2382 2382 4425
2383 2383 4426
2384 2384 4426
2385 2385 4426
2386 2386 4427
2387 2387 4427
2388 2388 4428
2389 2389 4428
2390 2390 4428
2391 2391 4429
2392 2392 4429
2393 2393 4430
2394 2394 4430
2395 2395 4431
2396 2396 4431
2397 2397 4431
2398 2398 4432
2399 2399 4432
2400 2400 4433
2401 2401 4433
2402 2402 4433
2403 2403 4434
2404 2404 4434
2405 2405 4435
2406 2406 4435
2407 2407 4436
2408 2408 4436
2409 2409 4436
2410 2410 4437
2411 2411 4437
2412 2412 4438
2413 2413 4438
2414 2414 4438
2415 2415 4439
2416 2416 4439
2417 2417 4440
2418 2418 4440
2419 2419 4441
2420 2420 4441
2421 2421 4441
2422 2422 4442
2423 2423 4442
2424 2424 4547
2425 2425 4547
2426 2426 4547
2427 2427 4548
2428 2428 4548
2429 2429 4549
2430 2430 4549
2431 2431 4549
2432 2432 4550
2433 2433 4550
2434 2434 4551
2435 2435 4551
2436 2436 4552
2437 2437 4552
2438 2438 4552
2439 2439 4553
2440 2440 4553
2441 2441 4554
2442 2442 4554
2443 2443 4554
2444 2444 4555
2445 2445 4555
2446 2446 4556
2447 2447 4556
2448 2448 4557
2449 2449 4557
2450 2450 4557
2451 2451 4558
2452 2452 4558
2453 2453 4559
2454 2454 4559
2455 2455 4559
2456 2456 4560
2457 2457 4560
2458 2458 4561
2459 2459 4561
2460 2460 4562
2461 2461 4562
2462 2462 4562
2463 2463 4563
2464 2464 4563
2465 2465 4564
2466 2466 4564
2467 2467 4564
2468 2468 4565
2469 2469 4565
2470 2470 4566
2471 2471 4566
2472 2472 4567
2473 2473 4567
2474 2474 4567
2475 2475 4568
2476 2476 4568
2477 2477 4569
2478 2478 4569
2479 2479 4569
2480 2480 4570
2481 2481 4570
2482 2482 4571
2483 2483 4571
2484 2484 4572
2485 2485 4572
2486 2486 4572
2487 2487 4573
2488 2488 4573
2489 2489 4574
2490 2490 4574
2491 2491 4574
2492 2492 4575
2493 2493 4575
2494 2494 4576
2495 2495 4576
2496 2496 4577
2497 2497 4577
2498 2498 4577
2499 2499 4578
2500 2500 4578
2501 2501 4579
2502 2502 4579
2503 2503 4579
2504 2504 4580
2505 2505 4580
2506 2506 4581
2507 2507 4581
2508 2508 4582
2509 2509 4582
2510 2510 4582
2511 2511 4583
2512 2512 4583
2513 2513 4584
2514 2514 4584
2515 2515 4584
2516 2516 4585
2517 2517 4585
2518 2518 4586
2519 2519 4586
2520 2520 4587
2521 2521 4587
2522 2522 4587
2523 2523 4588
2524 2524 4588
2525 2525 4547
2526 2526 4547
2527 2527 4547
2528 2528 4548
2529 2529 4548
2530 2530 4549
2531 2531 4549
2532 2532 4549
2533 2533 4550
2534 2534 4550
2535 2535 4551
2536 2536 4551
2537 2537 4552
2538 2538 4552
2539 2539 4552
2540 2540 4553
2541 2541 4553
2542 2542 4554
2543 2543 4554
2544 2544 4554
2545 2545 4555
2546 2546 4555
2547 2547 4556
2548 2548 4556
2549 2549 4557
2550 2550 4557
2551 2551 4557
2552 2552 4558
2553 2553 4558
2554 2554 4559
2555 2555 4559
2556 2556 4559
2557 2557 4560
2558 2558 4560
2559 2559 4561
2560 2560 4561
2561 2561 4562
2562 2562 4562
2563 2563 4562
2564 2564 4563
2565 2565 4563
2566 2566 4564
2567 2567 4564
2568 2568 4564
2569 2569 4565
2570 2570 4565
2571 2571 4566
2572 2572 4566
2573 2573 4567
2574 2574 4567
2575 2575 4567
2576 2576 4568
2577 2577 4568
2578 2578 4569
2579 2579 4569
2580 2580 4569
2581 2581 4570
2582 2582 4570
2583 2583 4571
2584 2584 4571
2585 2585 4572
2586 2586 4572
2587 2587 4572
2588 2588 4573
2589 2589 4573
2590 2590 4574
2591 2591 4574
2592 2592 4574
2593 2593 4575
2594 2594 4575
2595 2595 4576
2596 2596 4576
2597 2597 4577
2598 2598 4577
2599 2599 4577
2600 2600 4578
2601 2601 4578
2602 2602 4579
2603 2603 4579
2604 2604 4579
2605 2605 4580
2606 2606 4580
2607 2607 4581
2608 2608 4581
2609 2609 4582
2610 2610 4582
2611 2611 4582
2612 2612 4583
2613 2613 4583
2614 2614 4584
2615 2615 4584
2616 2616 4584
2617 2617 4585
2618 2618 4585
2619 2619 4586
2620 2620 4586
2621 2621 4587
2622 2622 4587
2623 2623 4587
2624 2624 4588
2625 2625 4588
2626 2626 4547
2627 2627 4547
2628 2628 4547
2629 2629 4548
2630 2630 4548
2631 2631 4549
2632 2632 4549
2633 2633 4549
2634 2634 4550
2635 2635 4550
2636 2636 4551
2637 2637 4551
2638 2638 4552
2639 2639 4552
2640 2640 4552
2641 2641 4553
2642 2642 4553
2643 2643 4554
2644 2644 4554
2645 2645 4554
2646 2646 4555
2647 2647 4555
2648 2648 4556
2649 2649 4556
2650 2650 4557
2651 2651 4557
2652 2652 4557
2653 2653 4558
2654 2654 4558
2655 2655 4559
2656 2656 4559
2657 2657 4559
2658 2658 4560
2659 2659 4560
2660 2660 4561
2661 2661 4561
2662 2662 4562
2663 2663 4562
2664 2664 4562
2665 2665 4563
2666 2666 4563
2667 2667 4564
2668 2668 4564
2669 2669 4564
2670 2670 4565
2671 2671 4565
2672 2672 4566
2673 2673 4566
2674 2674 4567
2675 2675 4567
2676 2676 4567
2677 2677 4568
2678 2678 4568
2679 2679 4569
2680 2680 4569
2681 2681 4569
2682 2682 4570
2683 2683 4570
2684 2684 4571
2685 2685 4571
2686 2686 4572
2687 2687 4572
2688 2688 4572
2689 2689 4573
2690 2690 4573
2691 2691 4574
2692 2692 4574
2693 2693 4574
2694 2694 4575
2695 2695 4575
2696 2696 4576
2697 2697 4576
2698 2698 4577
2699 2699 4577
2700 2700 4577
2701 2701 4578
2702 2702 4578
2703 2703 4579
2704 2704 4579
2705 2705 4579
2706 2706 4580
2707 2707 4580
2708 2708 4581
2709 2709 4581
2710 2710 4582
2711 2711 4582
2712 2712 4582
2713 2713 4583
2714 2714 4583
2715 2715 4584
2716 2716 4584
2717 2717 4584
2718 2718 4585
2719 2719 4585
2720 2720 4586
2721 2721 4586
2722 2722 4587
2723 2723 4587
2724 2724 4587
2725 2725 4588
2726 2726 4588
2727 2727 4693
2728 2728 4693
2729 2729 4693
2730 2730 4694
2731 2731 4694
2732 2732 4695
2733 2733 4695
2734 2734 4695
2735 2735 4696
2736 2736 4696
2737 2737 4697
2738 2738 4697
2739 2739 4698
2740 2740 4698
2741 2741 4698
2742 2742 4699
2743 2743 4699
2744 2744 4700
2745 2745 4700
2746 2746 4700
2747 2747 4701
2748 2748 4701
2749 2749 4702
2750 2750 4702
2751 2751 4703
2752 2752 4703
2753 2753 4703
2754 2754 4704
2755 2755 4704
2756 2756 4705
2757 2757 4705
2758 2758 4705
2759 2759 4706
2760 2760 4706
2761 2761 4707
2762 2762 4707
2763 2763 4708
2764 2764 4708
2765 2765 4708
2766 2766 4709
2767 2767 4709
2768 2768 4710
2769 2769 4710
2770 2770 4710
2771 2771 4711
2772 2772 4711
2773 2773 4712
2774 2774 4712
2775 2775 4713
2776 2776 4713
2777 2777 4713
2778 2778 4714
2779 2779 4714
2780 2780 4715
2781 2781 4715
2782 2782 4715
2783 2783 4716
2784 2784 4716
2785 2785 4717
2786 2786 4717
2787 2787 4718
2788 2788 4718
2789 2789 4718
2790 2790 4719
2791 2791 4719
2792 2792 4720
2793 2793 4720
2794 2794 4720
2795 2795 4721
2796 2796 4721
2797 2797 4722
2798 2798 4722
2799 2799 4723
2800 2800 4723
2801 2801 4723
2802 2802 4724
2803 2803 4724
2804 2804 4725
2805 2805 4725
2806 2806 4725
2807 2807 4726
2808 2808 4726
2809 2809 4727
2810 2810 4727
2811 2811 4728
2812 2812 4728
2813 2813 4728
2814 2814 4729
2815 2815 4729
2816 2816 4730
2817 2817 4730
2818 2818 4730
2819 2819 4731
2820 2820 4731
2821 2821 4732
2822 2822 4732
2823 2823 4733
2824 2824 4733
2825 2825 4733
2826 2826 4734
2827 2827 4734
2828 2828 4693
2829 2829 4693
2830 2830 4693
2831 2831 4694
2832 2832 4694
2833 2833 4695
2834 2834 4695
2835 2835 4695
2836 2836 4696
2837 2837 4696
2838 2838 4697
2839 2839 4697
2840 2840 4698
2841 2841 4698
2842 2842 4698
2843 2843 4699
2844 2844 4699
2845 2845 4700
2846 2846 4700
2847 2847 4700
2848 2848 4701
2849 2849 4701
2850 2850 4702
2851 2851 4702
2852 2852 4703
2853 2853 4703
2854 2854 4703
2855 2855 4704
2856 2856 4704
2857 2857 4705
2858 2858 4705
2859 2859 4705
2860 2860 4706
2861 2861 4706
2862 2862 4707
2863 2863 4707
2864 2864 4708
2865 2865 4708
2866 2866 4708
2867 2867 4709
2868 2868 4709
2869 2869 4710
2870 2870 4710
2871 2871 4710
2872 2872 4711
2873 2873 4711
2874 2874 4712
2875 2875 4712
2876 2876 4713
2877 2877 4713
2878 2878 4713
2879 2879 4714
2880 2880 4714
2881 2881 4715
2882 2882 4715
2883 2883 4715
2884 2884 4716
2885 2885 4716
2886 2886 4717
2887 2887 4717
2888 2888 4718
2889 2889 4718
2890 2890 4718
2891 2891 4719
2892 2892 4719
2893 2893 4720
2894 2894 4720
2895 2895 4720
2896 2896 4721
2897 2897 4721
2898 2898 4722
2899 2899 4722
2900 2900 4723
2901 2901 4723
2902 2902 4723
2903 2903 4724
2904 2904 4724
2905 2905 4725
2906 2906 4725
2907 2907 4725
2908 2908 4726
2909 2909 4726
2910 2910 4727
2911 2911 4727
2912 2912 4728
2913 2913 4728
2914 2914 4728
2915 2915 4729
2916 2916 4729
2917 2917 4730
2918 2918 4730
2919 2919 4730
2920 2920 4731
2921 2921 4731
2922 2922 4732
2923 2923 4732
2924 2924 4733
2925 2925 4733
2926 2926 4733
2927 2927 4734
2928 2928 4734
2929 2929 4839
2930 2930 4839
2931 2931 4839
2932 2932 4840
2933 2933 4840
2934 2934 4841
2935 2935 4841
2936 2936 4841
2937 2937 4842
2938 2938 4842
2939 2939 4843
2940 2940 4843
2941 2941 4844
2942 2942 4844
2943 2943 4844
2944 2944 4845
2945 2945 4845
2946 2946 4846
2947 2947 4846
2948 2948 4846
2949 2949 4847
2950 2950 4847
2951 2951 4848
2952 2952 4848
2953 2953 4849
2954 2954 4849
2955 2955 4849
2956 2956 4850
2957 2957 4850
2958 2958 4851
2959 2959 4851
2960 2960 4851
2961 2961 4852
2962 2962 4852
2963 2963 4853
2964 2964 4853
2965 2965 4854
2966 2966 4854
2967 2967 4854
2968 2968 4855
2969 2969 4855
2970 2970 4856
2971 2971 4856
2972 2972 4856
2973 2973 4857
2974 2974 4857
2975 2975 4858
2976 2976 4858
2977 2977 4859
2978 2978 4859
2979 2979 4859
2980 2980 4860
2981 2981 4860
2982 2982 4861
2983 2983 4861
2984 2984 4861
2985 2985 4862
2986 2986 4862
2987 2987 4863
2988 2988 4863
2989 2989 4864
2990 2990 4864
2991 2991 4864
2992 2992 4865
2993 2993 4865
2994 2994 4866
2995 2995 4866
2996 2996 4866
2997 2997 4867
2998 2998 4867
2999 2999 4868
3000 3000 4868
3001 3001 4869
3002 3002 4869
3003 3003 4869
3004 3004 4870
3005 3005 4870
3006 3006 4871
3007 3007 4871
3008 3008 4871
3009 3009 4872
3010 3010 4872
3011 3011 4873
3012 3012 4873
3013 3013 4874
3014 3014 4874
3015 3015 4874
3016 3016 4875
3017 3017 4875
3018 3018 4876
3019 3019 4876
3020 3020 4876
3021 3021 4877
3022 3022 4877
3023 3023 4878
3024 3024 4878
3025 3025 4879
3026 3026 4879
3027 3027 4879
3028 3028 4880
3029 3029 4880
3030 3030 4839
3031 3031 4839
3032 3032 4839
3033 3033 4840
3034 3034 4840
3035 3035 4841
3036 3036 4841
3037 3037 4841
3038 3038 4842
3039 3039 4842
3040 3040 4843
3041 3041 4843
3042 3042 4844
3043 3043 4844
3044 3044 4844
3045 3045 4845
3046 3046 4845
3047 3047 4846
3048 3048 4846
3049 3049 4846
3050 3050 4847
3051 3051 4847
3052 3052 4848
3053 3053 4848
3054 3054 4849
3055 3055 4849
3056 3056 4849
3057 3057 4850
3058 3058 4850
3059 3059 4851
3060 3060 4851
3061 3061 4851
3062 3062 4852
3063 3063 4852
3064 3064 4853
3065 3065 4853
3066 3066 4854
3067 3067 4854
3068 3068 4854
3069 3069 4855
3070 3070 4855
3071 3071 4856
3072 3072 4856
3073 3073 4856
3074 3074 4857
3075 3075 4857
3076 3076 4858
3077 3077 4858
3078 3078 4859
3079 3079 4859
3080 3080 4859
3081 3081 4860
3082 3082 4860
3083 3083 4861
3084 3084 4861
3085 3085 4861
3086 3086 4862
3087 3087 4862
3088 3088 4863
3089 3089 4863
3090 3090 4864
3091 3091 4864
3092 3092 4864
3093 3093 4865
3094 3094 4865
3095 3095 4866
3096 3096 4866
3097 3097 4866
3098 3098 4867
3099 3099 4867
3100 3100 4868
3101 3101 4868
3102 3102 4869
3103 3103 4869
3104 3104 4869
3105 3105 4870
3106 3106 4870
3107 3107 4871
3108 3108 4871
3109 3109 4871
3110 3110 4872
3111 3111 4872
3112 3112 4873
3113 3113 4873
3114 3114 4874
3115 3115 4874
3116 3116 4874
3117 3117 4875
3118 3118 4875
3119 3119 4876
3120 3120 4876
3121 3121 4876
3122 3122 4877
3123 3123 4877
3124 3124 4878
3125 3125 4878
3126 3126 4879
3127 3127 4879
3128 3128 4879
3129 3129 4880
3130 3130 4880
3131 3131 4839
3132 3132 4839
3133 3133 4839
3134 3134 4840
3135 3135 4840
3136 3136 4841
3137 3137 4841
3138 3138 4841
3139 3139 4842
3140 3140 4842
3141 3141 4843
3142 3142 4843
3143 3143 4844
3144 3144 4844
3145 3145 4844
3146 3146 4845
3147 3147 4845
3148 3148 4846
3149 3149 4846
3150 3150 4846
3151 3151 4847
3152 3152 4847
3153 3153 4848
3154 3154 4848
3155 3155 4849
3156 3156 4849
3157 3157 4849
3158 3158 4850
3159 3159 4850
3160 3160 4851
3161 3161 4851
3162 3162 4851
3163 3163 4852
3164 3164 4852
3165 3165 4853
3166 3166 4853
3167 3167 4854
3168 3168 4854
3169 3169 4854
3170 3170 4855
3171 3171 4855
3172 3172 4856
3173 3173 4856
3174 3174 4856
3175 3175 4857
3176 3176 4857
3177 3177 4858
3178 3178 4858
3179 3179 4859
3180 3180 4859
3181 3181 4859
3182 3182 4860
3183 3183 4860
3184 3184 4861
3185 3185 4861
3186 3186 4861
3187 3187 4862
3188 3188 4862
3189 3189 4863
3190 3190 4863
3191 3191 4864
3192 3192 4864
3193 3193 4864
3194 3194 4865
3195 3195 4865
3196 3196 4866
3197 3197 4866
3198 3198 4866
3199 3199 4867
3200 3200 4867
3201 3201 4868
3202 3202 4868
3203 3203 4869
3204 3204 4869
3205 3205 4869
3206 3206 4870
3207 3207 4870
3208 3208 4871
3209 3209 4871
3210 3210 4871
3211 3211 4872
3212 3212 4872
3213 3213 4873
3214 3214 4873
3215 3215 4874
3216 3216 4874
3217 3217 4874
3218 3218 4875
3219 3219 4875
3220 3220 4876
3221 3221 4876
3222 3222 4876
3223 3223 4877
3224 3224 4877
3225 3225 4878
3226 3226 4878
3227 3227 4879
3228 3228 4879
3229 3229 4879
3230 3230 4880
3231 3231 4880
3232 3232 4985
3233 3233 4985
3234 3234 4985
3235 3235 4986
3236 3236 4986
3237 3237 4987
3238 3238 4987
3239 3239 4987
3240 3240 4988
3241 3241 4988
3242 3242 4989
3243 3243 4989
3244 3244 4990
3245 3245 4990
3246 3246 4990
3247 3247 4991
3248 3248 4991
3249 3249 4992
3250 3250 4992
3251 3251 4992
3252 3252 4993
3253 3253 4993
3254 3254 4994
3255 3255 4994
3256 3256 4995
3257 3257 4995
3258 3258 4995
3259 3259 4996
3260 3260 4996
3261 3261 4997
3262 3262 4997
3263 3263 4997
3264 3264 4998
3265 3265 4998
3266 3266 4999
3267 3267 4999
3268 3268 5000
3269 3269 5000
3270 3270 5000
3271 3271 5001
3272 3272 5001
3273 3273 5002
3274 3274 5002
3275 3275 5002
3276 3276 5003
3277 3277 5003
3278 3278 5004
3279 3279 5004
3280 3280 5005
3281 3281 5005
3282 3282 5005
3283 3283 5006
3284 3284 5006
3285 3285 5007
3286 3286 5007
3287 3287 5007
3288 3288 5008
3289 3289 5008
3290 3290 5009
3291 3291 5009
3292 3292 5010
3293 3293 5010
3294 3294 5010
3295 3295 5011
3296 3296 5011
3297 3297 5012
3298 3298 5012
3299 3299 5012
3300 3300 5013
3301 3301 5013
3302 3302 5014
3303 3303 5014
3304 3304 5015
3305 3305 5015
3306 3306 5015
3307 3307 5016
3308 3308 5016
3309 3309 5017
3310 3310 5017
3311 3311 5017
3312 3312 5018
3313 3313 5018
3314 3314 5019
3315 3315 5019
3316 3316 5020
3317 3317 5020
3318 3318 5020
3319 3319 5021
3320 3320 5021
3321 3321 5022
3322 3322 5022
3323 3323 5022
3324 3324 5023
3325 3325 5023
3326 3326 5024
3327 3327 5024
3328 3328 5025
3329 3329 5025
3330 3330 5025
3331 3331 5026
3332 3332 5026
3333 3333 4985
3334 3334 4985
3335 3335 4985
3336 3336 4986
3337 3337 4986
3338 3338 4987
3339 3339 4987
3340 3340 4987
3341 3341 4988
3342 3342 4988
3343 3343 4989
3344 3344 4989
3345 3345 4990
3346 3346 4990
3347 3347 4990
3348 3348 4991
3349 3349 4991
3350 3350 4992
3351 3351 4992
3352 3352 4992
3353 3353 4993
3354 3354 4993
3355 3355 4994
3356 3356 4994
3357 3357 4995
3358 3358 4995
3359 3359 4995
3360 3360 4996
3361 3361 4996
3362 3362 4997
3363 3363 4997
3364 3364 4997
3365 3365 4998
3366 3366 4998
3367 3367 4999
3368 3368 4999
3369 3369 5000
3370 3370 5000
3371 3371 5000
3372 3372 5001
3373 3373 5001
3374 3374 5002
3375 3375 5002
3376 3376 5002
3377 3377 5003
3378 3378 5003
3379 3379 5004
3380 3380 5004
3381 3381 5005
3382 3382 5005
3383 3383 5005
3384 3384 5006
3385 3385 5006
3386 3386 5007
3387 3387 5007
3388 3388 5007
3389 3389 5008
3390 3390 5008
3391 3391 5009
3392 3392 5009
3393 3393 5010
3394 3394 5010
3395 3395 5010
3396 3396 5011
3397 3397 5011
3398 3398 5012
3399 3399 5012
3400 3400 5012
3401 3401 5013
3402 3402 5013
3403 3403 5014
3404 3404 5014
3405 3405 5015
3406 3406 5015
3407 3407 5015
3408 3408 5016
3409 3409 5016
3410 3410 5017
3411 3411 5017
3412 3412 5017
3413 3413 5018
3414 3414 5018
3415 3415 5019
3416 3416 5019
3417 3417 5020
3418 3418 5020
3419 3419 5020
3420 3420 5021
3421 3421 5021
3422 3422 5022
3423 3423 5022
3424 3424 5022
3425 3425 5023
3426 3426 5023
3427 3427 5024
3428 3428 5024
3429 3429 5025
3430 3430 5025
3431 3431 5025
3432 3432 5026
3433 3433 5026
3434 3434 5131
3435 3435 5131
3436 3436 5131
3437 3437 5132
3438 3438 5132
3439 3439 5133
3440 3440 5133
3441 3441 5133
3442 3442 5134
3443 3443 5134
3444 3444 5135
3445 3445 5135
3446 3446 5136
3447 3447 5136
3448 3448 5136
3449 3449 5137
3450 3450 5137
3451 3451 5138
3452 3452 5138
3453 3453 5138
3454 3454 5139
3455 3455 5139
3456 3456 5140
3457 3457 5140
3458 3458 5141
3459 3459 5141
3460 3460 5141
3461 3461 5142
3462 3462 5142
3463 3463 5143
3464 3464 5143
3465 3465 5143
3466 3466 5144
3467 3467 5144
3468 3468 5145
3469 3469 5145
3470 3470 5146
3471 3471 5146
3472 3472 5146
3473 3473 5147
3474 3474 5147
3475 3475 5148
3476 3476 5148
3477 3477 5148
3478 3478 5149
3479 3479 5149
3480 3480 5150
3481 3481 5150
3482 3482 5151
3483 3483 5151
3484 3484 5151
3485 3485 5152
3486 3486 5152
3487 3487 5153
3488 3488 5153
3489 3489 5153
3490 3490 5154
3491 3491 5154
3492 3492 5155
3493 3493 5155
3494 3494 5156
3495 3495 5156
3496 3496 5156
3497 3497 5157
3498 3498 5157
3499 3499 5158
3500 3500 5158
3501 3501 5158
3502 3502 5159
3503 3503 5159
3504 3504 5160
3505 3505 5160
3506 3506 5161
3507 3507 5161
3508 3508 5161
3509 3509 5162
3510 3510 5162
3511 3511 5163
3512 3512 5163
3513 3513 5163
3514 3514 5164
3515 3515 5164
3516 3516 5165
3517 3517 5165
3518 3518 5166
3519 3519 5166
3520 3520 5166
3521 3521 5167
3522 3522 5167
3523 3523 5168
3524 3524 5168
3525 3525 5168
3526 3526 5169
3527 3527 5169
3528 3528 5170
3529 3529 5170
3530 3530 5171
3531 3531 5171
3532 3532 5171
3533 3533 5172
3534 3534 5172
3535 3535 5131
3536 3536 5131
3537 3537 5131
3538 3538 5132
3539 3539 5132
3540 3540 5133
3541 3541 5133
3542 3542 5133
3543 3543 5134
3544 3544 5134
3545 3545 5135
3546 3546 5135
3547 3547 5136
3548 3548 5136
3549 3549 5136
3550 3550 5137
3551 3551 5137
3552 3552 5138
3553 3553 5138
3554 3554 5138
3555 3555 5139
3556 3556 5139
3557 3557 5140
3558 3558 5140
3559 3559 5141
3560 3560 5141
3561 3561 5141
3562 3562 5142
3563 3563 5142
3564 3564 5143
3565 3565 5143
3566 3566 5143
3567 3567 5144
3568 3568 5144
3569 3569 5145
3570 3570 5145
3571 3571 5146
3572 3572 5146
3573 3573 5146
3574 3574 5147
3575 3575 5147
3576 3576 5148
3577 3577 5148
3578 3578 5148
3579 3579 5149
3580 3580 5149
3581 3581 5150
3582 3582 5150
3583 3583 5151
3584 3584 5151
3585 3585 5151
3586 3586 5152
3587 3587 5152
3588 3588 5153
3589 3589 5153
3590 3590 5153
3591 3591 5154
3592 3592 5154
3593 3593 5155
3594 3594 5155
3595 3595 5156
3596 3596 5156
3597 3597 5156
3598 3598 5157
3599 3599 5157
3600 3600 5158
3601 3601 5158
3602 3602 5158
3603 3603 5159
3604 3604 5159
3605 3605 5160
3606 3606 5160
3607 3607 5161
3608 3608 5161
3609 3609 5161
3610 3610 5162
3611 3611 5162
3612 3612 5163
3613 3613 5163
3614 3614 5163
3615 3615 5164
3616 3616 5164
3617 3617 5165
3618 3618 5165
3619 3619 5166
3620 3620 5166
3621 3621 5166
3622 3622 5167
3623 3623 5167
3624 3624 5168
3625 3625 5168
3626 3626 5168
3627 3627 5169
3628 3628 5169
3629 3629 5170
3630 3630 5170
3631 3631 5171
3632 3632 5171
3633 3633 5171
3634 3634 5172
3635 3635 5172
3636 3636 5277
3637 3637 5277
3638 3638 5277
3639 3639 5278
3640 3640 5278
3641 3641 5279
3642 3642 5279
3643 3643 5279
3644 3644 5280
3645 3645 5280
3646 3646 5281
3647 3647 5281
3648 3648 5282
3649 3649 5282
3650 3650 5282
3651 3651 5283
3652 3652 5283
3653 3653 5284
3654 3654 5284
3655 3655 5284
3656 3656 5285
3657 3657 5285
3658 3658 5286
3659 3659 5286
3660 3660 5287
3661 3661 5287
3662 3662 5287
3663 3663 5288
3664 3664 5288
3665 3665 5289
3666 3666 5289
3667 3667 5289
3668 3668 5290
3669 3669 5290
3670 3670 5291
3671 3671 5291
3672 3672 5292
3673 3673 5292
3674 3674 5292
3675 3675 5293
3676 3676 5293
3677 3677 5294
3678 3678 5294
3679 3679 5294
3680 3680 5295
3681 3681 5295
3682 3682 5296
3683 3683 5296
3684 3684 5297
3685 3685 5297
3686 3686 5297
3687 3687 5298
3688 3688 5298
3689 3689 5299
3690 3690 5299
3691 3691 5299
3692 3692 5300
3693 3693 5300
3694 3694 5301
3695 3695 5301
3696 3696 5302
3697 3697 5302
3698 3698 5302
3699 3699 5303
3700 3700 5303
3701 3701 5304
3702 3702 5304
3703 3703 5304
3704 3704 5305
3705 3705 5305
3706 3706 5306
3707 3707 5306
3708 3708 5307
3709 3709 5307
3710 3710 5307
3711 3711 5308
3712 3712 5308
3713 3713 5309
3714 3714 5309
3715 3715 5309
3716 3716 5310
3717 3717 5310
3718 3718 5311
3719 3719 5311
3720 3720 5312
3721 3721 5312
3722 3722 5312
3723 3723 5313
3724 3724 5313
3725 3725 5314
3726 3726 5314
3727 3727 5314
3728 3728 5315
3729 3729 5315
3730 3730 5316
3731 3731 5316
3732 3732 5317
3733 3733 5317
3734 3734 5317
3735 3735 5318
3736 3736 5318
3737 3737 5277
3738 3738 5277
3739 3739 5277
3740 3740 5278
3741 3741 5278
3742 3742 5279
3743 3743 5279
3744 3744 5279
3745 3745 5280
3746 3746 5280
3747 3747 5281
3748 3748 5281
3749 3749 5282
3750 3750 5282
3751 3751 5282
3752 3752 5283
3753 3753 5283
3754 3754 5284
3755 3755 5284
3756 3756 5284
3757 3757 5285
3758 3758 5285
3759 3759 5286
3760 3760 5286
3761 3761 5287
3762 3762 5287
3763 3763 5287
3764 3764 5288
3765 3765 5288
3766 3766 5289
3767 3767 5289
3768 3768 5289
3769 3769 5290
3770 3770 5290
3771 3771 5291
3772 3772 5291
3773 3773 5292
3774 3774 5292
3775 3775 5292
3776 3776 5293
3777 3777 5293
3778 3778 5294
3779 3779 5294
3780 3780 5294
3781 3781 5295
3782 3782 5295
3783 3783 5296
3784 3784 5296
3785 3785 5297
3786 3786 5297
3787 3787 5297
3788 3788 5298
3789 3789 5298
3790 3790 5299
3791 3791 5299
3792 3792 5299
3793 3793 5300
3794 3794 5300
3795 3795 5301
3796 3796 5301
3797 3797 5302
3798 3798 5302
3799 3799 5302
3800 3800 5303
3801 3801 5303
3802 3802 5304
3803 3803 5304
3804 3804 5304
3805 3805 5305
3806 3806 5305
3807 3807 5306
3808 3808 5306
3809 3809 5307
3810 3810 5307
3811 3811 5307
3812 3812 5308
3813 3813 5308
3814 3814 5309
3815 3815 5309
3816 3816 5309
3817 3817 5310
3818 3818 5310
3819 3819 5311
3820 3820 5311
3821 3821 5312
3822 3822 5312
3823 3823 5312
3824 3824 5313
3825 3825 5313
3826 3826 5314
3827 3827 5314
3828 3828 5314
3829 3829 5315
3830 3830 5315
3831 3831 5316
3832 3832 5316
3833 3833 5317
3834 3834 5317
3835 3835 5317
3836 3836 5318
3837 3837 5318
3838 3838 5277
3839 3839 5277
3840 3840 5277
3841 3841 5278
3842 3842 5278
3843 3843 5279
3844 3844 5279
3845 3845 5279
3846 3846 5280
3847 3847 5280
3848 3848 5281
3849 3849 5281
3850 3850 5282
3851 3851 5282
3852 3852 5282
3853 3853 5283
3854 3854 5283
3855 3855 5284
3856 3856 5284
3857 3857 5284
3858 3858 5285
3859 3859 5285
3860 3860 5286
3861 3861 5286
3862 3862 5287
3863 3863 5287
3864 3864 5287
3865 3865 5288
3866 3866 5288
3867 3867 5289
3868 3868 5289
3869 3869 5289
3870 3870 5290
3871 3871 5290
3872 3872 5291
3873 3873 5291
3874 3874 5292
3875 3875 5292
3876 3876 5292
3877 3877 5293
3878 3878 5293
3879 3879 5294
3880 3880 5294
3881 3881 5294
3882 3882 5295
3883 3883 5295
3884 3884 5296
3885 3885 5296
3886 3886 5297
3887 3887 5297
3888 3888 5297
3889 3889 5298
3890 3890 5298
3891 3891 5299
3892 3892 5299
3893 3893 5299
3894 3894 5300
3895 3895 5300
3896 3896 5301
3897 3897 5301
3898 3898 5302
3899 3899 5302
3900 3900 5302
3901 3901 5303
3902 3902 5303
3903 3903 5304
3904 3904 5304
3905 3905 5304
3906 3906 5305
3907 3907 5305
3908 3908 5306
3909 3909 5306
3910 3910 5307
3911 3911 5307
3912 3912 5307
3913 3913 5308
3914 3914 5308
3915 3915 5309
3916 3916 5309
3917 3917 5309
3918 3918 5310
3919 3919 5310
3920 3920 5311
3921 3921 5311
3922 3922 5312
3923 3923 5312
3924 3924 5312
3925 3925 5313
3926 3926 5313
3927 3927 5314
3928 3928 5314
3929 3929 5314
3930 3930 5315
3931 3931 5315
3932 3932 5316
3933 3933 5316
3934 3934 5317
3935 3935 5317
3936 3936 5317
3937 3937 5318
3938 3938 5318
3939 3939 5423
3940 3940 5423
3941 3941 5423
3942 3942 5424
3943 3943 5424
3944 3944 5425
3945 3945 5425
3946 3946 5425
3947 3947 5426
3948 3948 5426
3949 3949 5427
3950 3950 5427
3951 3951 5428
3952 3952 5428
3953 3953 5428
3954 3954 5429
3955 3955 5429
3956 3956 5430
3957 3957 5430
3958 3958 5430
3959 3959 5431
3960 3960 5431
3961 3961 5432
3962 3962 5432
3963 3963 5433
3964 3964 5433
3965 3965 5433
3966 3966 5434
3967 3967 5434
3968 3968 5435
3969 3969 5435
3970 3970 5435
3971 3971 5436
3972 3972 5436
3973 3973 5437
3974 3974 5437
3975 3975 5438
3976 3976 5438
3977 3977 5438
3978 3978 5439
3979 3979 5439
3980 3980 5440
3981 3981 5440
3982 3982 5440
3983 3983 5441
3984 3984 5441
3985 3985 5442
3986 3986 5442
3987 3987 5443
3988 3988 5443
3989 3989 5443
3990 3990 5444
3991 3991 5444
3992 3992 5445
3993 3993 5445
3994 3994 5445
3995 3995 5446
3996 3996 5446
3997 3997 5447
3998 3998 5447
3999 3999 5448
4000 4000 5448
4001 4001 5448
4002 4002 5449
4003 4003 5449
4004 4004 5450
4005 4005 5450
4006 4006 5450
4007 4007 5451
4008 4008 5451
4009 4009 5452
4010 4010 5452
4011 4011 5453
4012 4012 5453
4013 4013 5453
4014 4014 5454
4015 4015 5454
4016 4016 5455
4017 4017 5455
4018 4018 5455
4019 4019 5456
4020 4020 5456
4021 4021 5457
4022 4022 5457
4023 4023 5458
4024 4024 5458
4025 4025 5458
4026 4026 5459
4027 4027 5459
4028 4028 5460
4029 4029 5460
4030 4030 5460
4031 4031 5461
4032 4032 5461
4033 4033 5462
4034 4034 5462
4035 4035 5463
4036 4036 5463
4037 4037 5463
4038 4038 5464
4039 4039 5464
4040 4040 5423
4041 4041 5423
4042 4042 5423
4043 4043 5424
4044 4044 5424
4045 4045 5425
4046 4046 5425
4047 4047 5425
4048 4048 5426
4049 4049 5426
4050 4050 5427
4051 4051 5427
4052 4052 5428
4053 4053 5428
4054 4054 5428
4055 4055 5429
4056 4056 5429
4057 4057 5430
4058 4058 5430
4059 4059 5430
4060 4060 5431
4061 4061 5431
4062 4062 5432
4063 4063 5432
4064 4064 5433
4065 4065 5433
4066 4066 5433
4067 4067 5434
4068 4068 5434
4069 4069 5435
4070 4070 5435
4071 4071 5435
4072 4072 5436
4073 4073 5436
4074 4074 5437
4075 4075 5437
4076 4076 5438
4077 4077 5438
4078 4078 5438
4079 4079 5439
4080 4080 5439
4081 4081 5440
4082 4082 5440
4083 4083 5440
4084 4084 5441
4085 4085 5441
4086 4086 5442
4087 4087 5442
4088 4088 5443
4089 4089 5443
4090 4090 5443
4091 4091 5444
4092 4092 5444
4093 4093 5445
4094 4094 5445
4095 4095 5445
4096 4096 5446
4097 4097 5446
4098 4098 5447
4099 4099 5447
4100 4100 5448
4101 4101 5448
4102 4102 5448
4103 4103 5449
4104 4104 5449
4105 4105 5450
4106 4106 5450
4107 4107 5450
4108 4108 5451
4109 4109 5451
4110 4110 5452
4111 4111 5452
4112 4112 5453
4113 4113 5453
4114 4114 5453
4115 4115 5454
4116 4116 5454
4117 4117 5455
4118 4118 5455
4119 4119 5455
4120 4120 5456
4121 4121 5456
4122 4122 5457
4123 4123 5457
4124 4124 5458
4125 4125 5458
4126 4126 5458
4127 4127 5459
4128 4128 5459
4129 4129 5460
4130 4130 5460
4131 4131 5460
4132 4132 5461
4133 4133 5461
4134 4134 5462
4135 4135 5462
4136 4136 5463
4137 4137 5463
4138 4138 5463
4139 4139 5464
4140 4140 5464
4141 4141 5569
4142 4142 5569
4143 4143 5569
4144 4144 5570
4145 4145 5570
4146 4146 5571
4147 4147 5571
4148 4148 5571
4149 4149 5572
4150 4150 5572
4151 4151 5573
4152 4152 5573
4153 4153 5574
4154 4154 5574
4155 4155 5574
4156 4156 5575
4157 4157 5575
4158 4158 5576
4159 4159 5576
4160 4160 5576
4161 4161 5577
4162 4162 5577
4163 4163 5578
4164 4164 5578
4165 4165 5579
4166 4166 5579
4167 4167 5579
4168 4168 5580
4169 4169 5580
4170 4170 5581
4171 4171 5581
4172 4172 5581
4173 4173 5582
4174 4174 5582
4175 4175 5583
4176 4176 5583
4177 4177 5584
4178 4178 5584
4179 4179 5584
4180 4180 5585
4181 4181 5585
4182 4182 5586
4183 4183 5586
4184 4184 5586
4185 4185 5587
4186 4186 5587
4187 4187 5588
4188 4188 5588
4189 4189 5589
4190 4190 5589
4191 4191 5589
4192 4192 5590
4193 4193 5590
4194 4194 5591
4195 4195 5591
4196 4196 5591
4197 4197 5592
4198 4198 5592
4199 4199 5593
4200 4200 5593
4201 4201 5594
4202 4202 5594
4203 4203 5594
4204 4204 5595
4205 4205 5595
4206 4206 5596
4207 4207 5596
4208 4208 5596
4209 4209 5597
4210 4210 5597
4211 4211 5598
4212 4212 5598
4213 4213 5599
4214 4214 5599
4215 4215 5599
4216 4216 5600
4217 4217 5600
4218 4218 5601
4219 4219 5601
4220 4220 5601
4221 4221 5602
4222 4222 5602
4223 4223 5603
4224 4224 5603
4225 4225 5604
4226 4226 5604
4227 4227 5604
4228 4228 5605
4229 4229 5605
4230 4230 5606
4231 4231 5606
4232 4232 5606
4233 4233 5607
4234 4234 5607
4235 4235 5608
4236 4236 5608
4237 4237 5609
4238 4238 5609
4239 4239 5609
4240 4240 5610
4241 4241 5610
4242 4242 5569
4243 4243 5569
4244 4244 5569
4245 4245 5570
4246 4246 5570
4247 4247 5571
4248 4248 5571
4249 4249 5571
4250 4250 5572
4251 4251 5572
4252 4252 5573
4253 4253 5573
4254 4254 5574
4255 4255 5574
4256 4256 5574
4257 4257 5575
4258 4258 5575
4259 4259 5576
4260 4260 5576
4261 4261 5576
4262 4262 5577
4263 4263 5577
4264 4264 5578
4265 4265 5578
4266 4266 5579
4267 4267 5579
4268 4268 5579
4269 4269 5580
4270 4270 5580
4271 4271 5581
4272 4272 5581
4273 4273 5581
4274 4274 5582
4275 4275 5582
4276 4276 5583
4277 4277 5583
4278 4278 5584
4279 4279 5584
4280 4280 5584
4281 4281 5585
4282 4282 5585
4283 4283 5586
4284 4284 5586
4285 4285 5586
4286 4286 5587
4287 4287 5587
4288 4288 5588
4289 4289 5588
4290 4290 5589
4291 4291 5589
4292 4292 5589
4293 4293 5590
4294 4294 5590
4295 4295 5591
4296 4296 5591
4297 4297 5591
4298 4298 5592
4299 4299 5592
4300 4300 5593
4301 4301 5593
4302 4302 5594
4303 4303 5594
4304 4304 5594
4305 4305 5595
4306 4306 5595
4307 4307 5596
4308 4308 5596
4309 4309 5596
4310 4310 5597
4311 4311 5597
4312 4312 5598
4313 4313 5598
4314 4314 5599
4315 4315 5599
4316 4316 5599
4317 4317 5600
4318 4318 5600
4319 4319 5601
4320 4320 5601
4321 4321 5601
4322 4322 5602
4323 4323 5602
4324 4324 5603
4325 4325 5603
4326 4326 5604
4327 4327 5604
4328 4328 5604
4329 4329 5605
4330 4330 5605
4331 4331 5606
4332 4332 5606
4333 4333 5606
4334 4334 5607
4335 4335 5607
4336 4336 5608
4337 4337 5608
4338 4338 5609
4339 4339 5609
4340 4340 5609
4341 4341 5610
4342 4342 5610
4343 4343 5569
4344 4344 5569
4345 4345 5569
4346 4346 5570
4347 4347 5570
4348 4348 5571
4349 4349 5571
4350 4350 5571
4351 4351 5572
4352 4352 5572
4353 4353 5573
4354 4354 5573
4355 4355 5574
4356 4356 5574
4357 4357 5574
4358 4358 5575
4359 4359 5575
4360 4360 5576
4361 4361 5576
4362 4362 5576
4363 4363 5577
4364 4364 5577
4365 4365 5578
4366 4366 5578
4367 4367 5579
4368 4368 5579
4369 4369 5579
4370 4370 5580
4371 4371 5580
4372 4372 5581
4373 4373 5581
4374 4374 5581
4375 4375 5582
4376 4376 5582
4377 4377 5583
4378 4378 5583
4379 4379 5584
4380 4380 5584
4381 4381 5584
4382 4382 5585
4383 4383 5585
4384 4384 5586
4385 4385 5586
4386 4386 5586
4387 4387 5587
4388 4388 5587
4389 4389 5588
4390 4390 5588
4391 4391 5589
4392 4392 5589
4393 4393 5589
4394 4394 5590
4395 4395 5590
4396 4396 5591
4397 4397 5591
4398 4398 5591
4399 4399 5592
4400 4400 5592
4401 4401 5593
4402 4402 5593
4403 4403 5594
4404 4404 5594
4405 4405 5594
4406 4406 5595
4407 4407 5595
4408 4408 5596
4409 4409 5596
4410 4410 5596
4411 4411 5597
4412 4412 5597
4413 4413 5598
4414 4414 5598
4415 4415 5599
4416 4416 5599
4417 4417 5599
4418 4418 5600
4419 4419 5600
4420 4420 5601
4421 4421 5601
4422 4422 5601
4423 4423 5602
4424 4424 5602
4425 4425 5603
4426 4426 5603
4427 4427 5604
4428 4428 5604
4429 4429 5604
4430 4430 5605
4431 4431 5605
4432 4432 5606
4433 4433 5606
4434 4434 5606
4435 4435 5607
4436 4436 5607
4437 4437 5608
4438 4438 5608
4439 4439 5609
4440 4440 5609
4441 4441 5609
4442 4442 5610
4443 4443 5610
4444 4444 5715
4445 4445 5715
4446 4446 5715
4447 4447 5716
4448 4448 5716
4449 4449 5717
4450 4450 5717
4451 4451 5717
4452 4452 5718
4453 4453 5718
4454 4454 5719
4455 4455 5719
4456 4456 5720
4457 4457 5720
4458 4458 5720
4459 4459 5721
4460 4460 5721
4461 4461 5722
4462 4462 5722
4463 4463 5722
4464 4464 5723
4465 4465 5723
4466 4466 5724
4467 4467 5724
4468 4468 5725
4469 4469 5725
4470 4470 5725
4471 4471 5726
4472 4472 5726
4473 4473 5727
4474 4474 5727
4475 4475 5727
4476 4476 5728
4477 4477 5728
4478 4478 5729
4479 4479 5729
4480 4480 5730
4481 4481 5730
4482 4482 5730
4483 4483 5731
4484 4484 5731
4485 4485 5732
4486 4486 5732
4487 4487 5732
4488 4488 5733
4489 4489 5733
4490 4490 5734
4491 4491 5734
4492 4492 5735
4493 4493 5735
4494 4494 5735
4495 4495 5736
4496 4496 5736
4497 4497 5737
4498 4498 5737
4499 4499 5737
4500 4500 5738
4501 4501 5738
4502 4502 5739
4503 4503 5739
4504 4504 5740
4505 4505 5740
4506 4506 5740
4507 4507 5741
4508 4508 5741
4509 4509 5742
4510 4510 5742
4511 4511 5742
4512 4512 5743
4513 4513 5743
4514 4514 5744
4515 4515 5744
4516 4516 5745
4517 4517 5745
4518 4518 5745
4519 4519 5746
4520 4520 5746
4521 4521 5747
4522 4522 5747
4523 4523 5747
4524 4524 5748
4525 4525 5748
4526 4526 5749
4527 4527 5749
4528 4528 5750
4529 4529 5750
4530 4530 5750
4531 4531 5751
4532 4532 5751
4533 4533 5752
4534 4534 5752
4535 4535 5752
4536 4536 5753
4537 4537 5753
4538 4538 5754
4539 4539 5754
4540 4540 5755
4541 4541 5755
4542 4542 5755
4543 4543 5756
4544 4544 5756
4545 4545 5715
4546 4546 5715
4547 4547 5715
4548 4548 5716
4549 4549 5716
4550 4550 5717
4551 4551 5717
4552 4552 5717
4553 4553 5718
4554 4554 5718
4555 4555 5719
4556 4556 5719
4557 4557 5720
4558 4558 5720
4559 4559 5720
4560 4560 5721
4561 4561 5721
4562 4562 5722
4563 4563 5722
4564 4564 5722
4565 4565 5723
4566 4566 5723
4567 4567 5724
4568 4568 5724
4569 4569 5725
4570 4570 5725
4571 4571 5725
4572 4572 5726
4573 4573 5726
4574 4574 5727
4575 4575 5727
4576 4576 5727
4577 4577 5728
4578 4578 5728
4579 4579 5729
4580 4580 5729
4581 4581 5730
4582 4582 5730
4583 4583 5730
4584 4584 5731
4585 4585 5731
4586 4586 5732
4587 4587 5732
4588 4588 5732
4589 4589 5733
4590 4590 5733
4591 4591 5734
4592 4592 5734
4593 4593 5735
4594 4594 5735
4595 4595 5735
4596 4596 5736
4597 4597 5736
4598 4598 5737
4599 4599 5737
4600 4600 5737
4601 4601 5738
4602 4602 5738
4603 4603 5739
4604 4604 5739
4605 4605 5740
4606 4606 5740
4607 4607 5740
4608 4608 5741
4609 4609 5741
4610 4610 5742
4611 4611 5742
4612 4612 5742
4613 4613 5743
4614 4614 5743
4615 4615 5744
4616 4616 5744
4617 4617 5745
4618 4618 5745
4619 4619 5745
4620 4620 5746
4621 4621 5746
4622 4622 5747
4623 4623 5747
4624 4624 5747
4625 4625 5748
4626 4626 5748
4627 4627 5749
4628 4628 5749
4629 4629 5750
4630 4630 5750
4631 4631 5750
4632 4632 5751
4633 4633 5751
4634 4634 5752
4635 4635 5752
4636 4636 5752
4637 4637 5753
4638 4638 5753
4639 4639 5754
4640 4640 5754
4641 4641 5755
4642 4642 5755
4643 4643 5755
4644 4644 5756
4645 4645 5756
4646 4646 5861
4647 4647 5861
4648 4648 5861
4649 4649 5862
4650 4650 5862
4651 4651 5863
4652 4652 5863
4653 4653 5863
4654 4654 5864
4655 4655 5864
4656 4656 5865
4657 4657 5865
4658 4658 5866
4659 4659 5866
4660 4660 5866
4661 4661 5867
4662 4662 5867
4663 4663 5868
4664 4664 5868
4665 4665 5868
4666 4666 5869
4667 4667 5869
4668 4668 5870
4669 4669 5870
4670 4670 5871
4671 4671 5871
4672 4672 5871
4673 4673 5872
4674 4674 5872
4675 4675 5873
4676 4676 5873
4677 4677 5873
4678 4678 5874
4679 4679 5874
4680 4680 5875
4681 4681 5875
4682 4682 5876
4683 4683 5876
4684 4684 5876
4685 4685 5877
4686 4686 5877
4687 4687 5878
4688 4688 5878
4689 4689 5878
4690 4690 5879
4691 4691 5879
4692 4692 5880
4693 4693 5880
4694 4694 5881
4695 4695 5881
4696 4696 5881
4697 4697 5882
4698 4698 5882
4699 4699 5883
4700 4700 5883
4701 4701 5883
4702 4702 5884
4703 4703 5884
4704 4704 5885
4705 4705 5885
4706 4706 5886
4707 4707 5886
4708 4708 5886
4709 4709 5887
4710 4710 5887
4711 4711 5888
4712 4712 5888
4713 4713 5888
4714 4714 5889
4715 4715 5889
4716 4716 5890
4717 4717 5890
4718 4718 5891
4719 4719 5891
4720 4720 5891
4721 4721 5892
4722 4722 5892
4723 4723 5893
4724 4724 5893
4725 4725 5893
4726 4726 5894
4727 4727 5894
4728 4728 5895
4729 4729 5895
4730 4730 5896
4731 4731 5896
4732 4732 5896
4733 4733 5897
4734 4734 5897
4735 4735 5898
4736 4736 5898
4737 4737 5898
4738 4738 5899
4739 4739 5899
4740 4740 5900
4741 4741 5900
4742 4742 5901
4743 4743 5901
4744 4744 5901
4745 4745 5902
4746 4746 5902
4747 4747 5861
4748 4748 5861
4749 4749 5861
4750 4750 5862
4751 4751 5862
4752 4752 5863
4753 4753 5863
4754 4754 5863
4755 4755 5864
4756 4756 5864
4757 4757 5865
4758 4758 5865
4759 4759 5866
4760 4760 5866
4761 4761 5866
4762 4762 5867
4763 4763 5867
4764 4764 5868
4765 4765 5868
4766 4766 5868
4767 4767 5869
4768 4768 5869
4769 4769 5870
4770 4770 5870
4771 4771 5871
4772 4772 5871
4773 4773 5871
4774 4774 5872
4775 4775 5872
4776 4776 5873
4777 4777 5873
4778 4778 5873
4779 4779 5874
4780 4780 5874
4781 4781 5875
4782 4782 5875
4783 4783 5876
4784 4784 5876
4785 4785 5876
4786 4786 5877
4787 4787 5877
4788 4788 5878
4789 4789 5878
4790 4790 5878
4791 4791 5879
4792 4792 5879
4793 4793 5880
4794 4794 5880
4795 4795 5881
4796 4796 5881
4797 4797 5881
4798 4798 5882
4799 4799 5882
4800 4800 5883
4801 4801 5883
4802 4802 5883
4803 4803 5884
4804 4804 5884
4805 4805 5885
4806 4806 5885
4807 4807 5886
4808 4808 5886
4809 4809 5886
4810 4810 5887
4811 4811 5887
4812 4812 5888
4813 4813 5888
4814 4814 5888
4815 4815 5889
4816 4816 5889
4817 4817 5890
4818 4818 5890
4819 4819 5891
4820 4820 5891
4821 4821 5891
4822 4822 5892
4823 4823 5892
4824 4824 5893
4825 4825 5893
4826 4826 5893
4827 4827 5894
4828 4828 5894
4829 4829 5895
4830 4830 5895
4831 4831 5896
4832 4832 5896
4833 4833 5896
4834 4834 5897
4835 4835 5897
4836 4836 5898
4837 4837 5898
4838 4838 5898
4839 4839 5899
4840 4840 5899
4841 4841 5900
4842 4842 5900
4843 4843 5901
4844 4844 5901
4845 4845 5901
4846 4846 5902
4847 4847 5902
4848 4848 6007
4849 4849 6007
4850 4850 6007
4851 4851 6008
4852 4852 6008
4853 4853 6009
4854 4854 6009
4855 4855 6009
4856 4856 6010
4857 4857 6010
4858 4858 6011
4859 4859 6011
4860 4860 6012
4861 4861 6012
4862 4862 6012
4863 4863 6013
4864 4864 6013
4865 4865 6014
4866 4866 6014
4867 4867 6014
4868 4868 6015
4869 4869 6015
4870 4870 6016
4871 4871 6016
4872 4872 6017
4873 4873 6017
4874 4874 6017
4875 4875 6018
4876 4876 6018
4877 4877 6019
4878 4878 6019
4879 4879 6019
4880 4880 6020
4881 4881 6020
4882 4882 6021
4883 4883 6021
4884 4884 6022
4885 4885 6022
4886 4886 6022
4887 4887 6023
4888 4888 6023
4889 4889 6024
4890 4890 6024
4891 4891 6024
4892 4892 6025
4893 4893 6025
4894 4894 6026
4895 4895 6026
4896 4896 6027
4897 4897 6027
4898 4898 6027
4899 4899 6028
4900 4900 6028
4901 4901 6029
4902 4902 6029
4903 4903 6029
4904 4904 6030
4905 4905 6030
4906 4906 6031
4907 4907 6031
4908 4908 6032
4909 4909 6032
4910 4910 6032
4911 4911 6033
4912 4912 6033
4913 4913 6034
4914 4914 6034
4915 4915 6034
4916 4916 6035
4917 4917 6035
4918 4918 6036
4919 4919 6036
4920 4920 6037
4921 4921 6037
4922 4922 6037
4923 4923 6038
4924 4924 6038
4925 4925 6039
4926 4926 6039
4927 4927 6039
4928 4928 6040
4929 4929 6040
4930 4930 6041
4931 4931 6041
4932 4932 6042
4933 4933 6042
4934 4934 6042
4935 4935 6043
4936 4936 6043
4937 4937 6044
4938 4938 6044
4939 4939 6044
4940 4940 6045
4941 4941 6045
4942 4942 6046
4943 4943 6046
4944 4944 6047
4945 4945 6047
4946 4946 6047
4947 4947 6048
4948 4948 6048
4949 4949 6007
4950 4950 6007
4951 4951 6007
4952 4952 6008
4953 4953 6008
4954 4954 6009
4955 4955 6009
4956 4956 6009
4957 4957 6010
4958 4958 6010
4959 4959 6011
4960 4960 6011
4961 4961 6012
4962 4962 6012
4963 4963 6012
4964 4964 6013
4965 4965 6013
4966 4966 6014
4967 4967 6014
4968 4968 6014
4969 4969 6015
4970 4970 6015
4971 4971 6016
4972 4972 6016
4973 4973 6017
4974 4974 6017
4975 4975 6017
4976 4976 6018
4977 4977 6018
4978 4978 6019
4979 4979 6019
4980 4980 6019
4981 4981 6020
4982 4982 6020
4983 4983 6021
4984 4984 6021
4985 4985 6022
4986 4986 6022
4987 4987 6022
4988 4988 6023
4989 4989 6023
4990 4990 6024
4991 4991 6024
4992 4992 6024
4993 4993 6025
4994 4994 6025
4995 4995 6026
4996 4996 6026
4997 4997 6027
4998 4998 6027
4999 4999 6027
5000 5000 6028
5001 5001 6028
5002 5002 6029
5003 5003 6029
5004 5004 6029
5005 5005 6030
5006 5006 6030
5007 5007 6031
5008 5008 6031
5009 5009 6032
5010 5010 6032
5011 5011 6032
5012 5012 6033
5013 5013 6033
5014 5014 6034
5015 5015 6034
5016 5016 6034
5017 5017 6035
5018 5018 6035
5019 5019 6036
5020 5020 6036
5021 5021 6037
5022 5022 6037
5023 5023 6037
5024 5024 6038
5025 5025 6038
5026 5026 6039
5027 5027 6039
5028 5028 6039
5029 5029 6040
5030 5030 6040
5031 5031 6041
5032 5032 6041
5033 5033 6042
5034 5034 6042
5035 5035 6042
5036 5036 6043
5037 5037 6043
5038 5038 6044
5039 5039 6044
5040 5040 6044
5041 5041 6045
5042 5042 6045
5043 5043 6046
5044 5044 6046
5045 5045 6047
5046 5046 6047
5047 5047 6047
5048 5048 6048
5049 5049 6048
5050 5050 6007
5051 5051 6007
5052 5052 6007
5053 5053 6008
5054 5054 6008
5055 5055 6009
5056 5056 6009
5057 5057 6009
5058 5058 6010
5059 5059 6010
5060 5060 6011
5061 5061 6011
5062 5062 6012
5063 5063 6012
5064 5064 6012
5065 5065 6013
5066 5066 6013
5067 5067 6014
5068 5068 6014
5069 5069 6014
5070 5070 6015
5071 5071 6015
5072 5072 6016
5073 5073 6016
5074 5074 6017
5075 5075 6017
5076 5076 6017
5077 5077 6018
5078 5078 6018
5079 5079 6019
5080 5080 6019
5081 5081 6019
5082 5082 6020
5083 5083 6020
5084 5084 6021
5085 5085 6021
5086 5086 6022
5087 5087 6022
5088 5088 6022
5089 5089 6023
5090 5090 6023
5091 5091 6024
5092 5092 6024
5093 5093 6024
5094 5094 6025
5095 5095 6025
5096 5096 6026
5097 5097 6026
5098 5098 6027
5099 5099 6027
5100 5100 6027
5101 5101 6028
5102 5102 6028
5103 5103 6029
5104 5104 6029
5105 5105 6029
5106 5106 6030
5107 5107 6030
5108 5108 6031
5109 5109 6031
5110 5110 6032
5111 5111 6032
5112 5112 6032
5113 5113 6033
5114 5114 6033
5115 5115 6034
5116 5116 6034
5117 5117 6034
5118 5118 6035
5119 5119 6035
5120 5120 6036
5121 5121 6036
5122 5122 6037
5123 5123 6037
5124 5124 6037
5125 5125 6038
5126 5126 6038
5127 5127 6039
5128 5128 6039
5129 5129 6039
5130 5130 6040
5131 5131 6040
5132 5132 6041
5133 5133 6041
5134 5134 6042
5135 5135 6042
5136 5136 6042
5137 5137 6043
5138 5138 6043
5139 5139 6044
5140 5140 6044
5141 5141 6044
5142 5142 6045
5143 5143 6045
5144 5144 6046
5145 5145 6046
5146 5146 6047
5147 5147 6047
5148 5148 6047
5149 5149 6048
5150 5150 6048
5151 5151 2793
5152 5152 2794
5153 5153 2794
5154 5154 2794
5155 5155 2795
5156 5156 2795
5157 5157 2796
5158 5158 2796
5159 5159 2796
5160 5160 2797
5161 5161 2797
5162 5162 2798
5163 5163 2798
5164 5164 2799
5165 5165 2799
5166 5166 2799
5167 5167 2800
5168 5168 2800
5169 5169 2801
5170 5170 2801
5171 5171 2801
5172 5172 2802
5173 5173 2802
5174 5174 2803
5175 5175 2803
5176 5176 2804
5177 5177 2804
5178 5178 2804
5179 5179 2805
5180 5180 2805
5181 5181 2806
5182 5182 2806
5183 5183 2806
5184 5184 2807
5185 5185 2807
5186 5186 2808
5187 5187 2808
5188 5188 2809
5189 5189 2809
5190 5190 2809
5191 5191 2810
5192 5192 2810
5193 5193 2811
5194 5194 2811
5195 5195 2811
5196 5196 2812
5197 5197 2812
5198 5198 2813
5199 5199 2813
5200 5200 2814
5201 5201 2814
5202 5202 2814
5203 5203 2815
5204 5204 2815
5205 5205 2816
5206 5206 2816
5207 5207 2816
5208 5208 2817
5209 5209 2817
5210 5210 2818
5211 5211 2818
5212 5212 2819
5213 5213 2819
5214 5214 2819
5215 5215 2820
5216 5216 2820
5217 5217 2821
5218 5218 2821
5219 5219 2821
5220 5220 2822
5221 5221 2822
5222 5222 2823
5223 5223 2823
5224 5224 2824
5225 5225 2824
5226 5226 2824
5227 5227 2825
5228 5228 2825
5229 5229 2826
5230 5230 2826
5231 5231 2826
5232 5232 2827
5233 5233 2827
5234 5234 2828
5235 5235 2828
5236 5236 2829
5237 5237 2829
5238 5238 2829
5239 5239 2830
5240 5240 2830
5241 5241 2831
5242 5242 2831
5243 5243 2831
5244 5244 2832
5245 5245 2832
5246 5246 2833
5247 5247 2833
5248 5248 2834
5249 5249 2834
5250 5250 2834
5251 5251 2835
5252 5252 2835
5253 5253 2836
5254 5254 2836
5255 5255 2836
5256 5256 2837
5257 5257 2837
5258 5258 2838
5259 5259 2838
5260 5260 2839
5261 5261 2839
5262 5262 2839
5263 5263 2840
5264 5264 2840
5265 5265 2841
5266 5266 2841
5267 5267 2841
5268 5268 2842
5269 5269 2842
5270 5270 2843
5271 5271 2843
5272 5272 2844
5273 5273 2844
5274 5274 2844
5275 5275 2845
5276 5276 2845
5277 5277 2846
5278 5278 2846
5279 5279 2846
5280 5280 2847
5281 5281 2847
5282 5282 2848
5283 5283 2848
5284 5284 2849
5285 5285 2849
5286 5286 2849
5287 5287 2850
5288 5288 2850
5289 5289 2851
5290 5290 2851
5291 5291 2851
5292 5292 2852
5293 5293 2852
5294 5294 2853
5295 5295 2853
5296 5296 2854
5297 5297 2854
5298 5298 2854
5299 5299 2855
5300 5300 2855
5301 5301 2856
5302 5302 2856
5303 5303 2856
5304 5304 2857
5305 5305 2857
5306 5306 2858
5307 5307 2858
5308 5308 2859
5309 5309 2859
5310 5310 2859
5311 5311 2860
5312 5312 2860
5313 5313 2861
5314 5314 2861
5315 5315 2861
5316 5316 2862
5317 5317 2862
5318 5318 2863
5319 5319 2863
5320 5320 2864
5321 5321 2864
5322 5322 2864
5323 5323 2865
5324 5324 2865
5325 5325 2866
5326 5326 2866
5327 5327 2866
5328 5328 2867
5329 5329 2867
5330 5330 2868
5331 5331 2868
5332 5332 2869
5333 5333 2869
5334 5334 2869
5335 5335 2870
5336 5336 2870
5337 5337 2871
5338 5338 2871
5339 5339 2871
5340 5340 2872
5341 5341 2872
5342 5342 2873
5343 5343 2873
5344 5344 2874
5345 5345 2874
5346 5346 2874
5347 5347 2875
5348 5348 2875
5349 5349 2876
5350 5350 2876
5351 5351 2876
5352 5352 2877
5353 5353 2877
5354 5354 2878
5355 5355 2878
5356 5356 2879
5357 5357 2879
5358 5358 2879
5359 5359 2880
5360 5360 2880
5361 5361 2881
5362 5362 2881
5363 5363 2881
5364 5364 2882
5365 5365 2882
5366 5366 2883
5367 5367 2883
5368 5368 2884
5369 5369 2884
5370 5370 2884
5371 5371 2885
5372 5372 2885
5373 5373 2886
5374 5374 2886
5375 5375 2886
5376 5376 2887
5377 5377 2887
5378 5378 2888
5379 5379 2888
5380 5380 2889
5381 5381 2889
5382 5382 2889
5383 5383 2890
5384 5384 2890
5385 5385 2891
5386 5386 2891
5387 5387 2891
5388 5388 2892
5389 5389 2892
5390 5390 2893
5391 5391 2893
5392 5392 2894
5393 5393 2894
5394 5394 2894
5395 5395 2895
5396 5396 2895
5397 5397 2896
5398 5398 2896
5399 5399 2896
5400 5400 2897
5401 5401 2897
5402 5402 2898
5403 5403 2898
5404 5404 2899
5405 5405 2899
5406 5406 2899
5407 5407 2900
5408 5408 2900
5409 5409 2901
5410 5410 2901
5411 5411 2901
5412 5412 2902
5413 5413 2902
5414 5414 2903
5415 5415 2903
5416 5416 2904
5417 5417 2904
5418 5418 2904
5419 5419 2905
5420 5420 2905
5421 5421 2906
5422 5422 2906
5423 5423 2906
5424 5424 2907
5425 5425 2907
5426 5426 2939
5427 5427 2940
5428 5428 2940
5429 5429 2940
5430 5430 2941
5431 5431 2941
5432 5432 2942
5433 5433 2942
5434 5434 2942
5435 5435 2943
5436 5436 2943
5437 5437 2944
5438 5438 2944
5439 5439 2945
5440 5440 2945
5441 5441 2945
5442 5442 2946
5443 5443 2946
5444 5444 2947
5445 5445 2947
5446 5446 2947
5447 5447 2948
5448 5448 2948
5449 5449 2949
5450 5450 2949
5451 5451 2950
5452 5452 2950
5453 5453 2950
5454 5454 2951
5455 5455 2951
5456 5456 2952
5457 5457 2952
5458 5458 2952
5459 5459 2953
5460 5460 2953
5461 5461 2954
5462 5462 2954
5463 5463 2955
5464 5464 2955
5465 5465 2955
5466 5466 2956
5467 5467 2956
5468 5468 2957
5469 5469 2957
5470 5470 2957
5471 5471 2958
5472 5472 2958
5473 5473 2959
5474 5474 2959
5475 5475 2960
5476 5476 2960
5477 5477 2960
5478 5478 2961
5479 5479 2961
5480 5480 2962
5481 5481 2962
5482 5482 2962
5483 5483 2963
5484 5484 2963
5485 5485 2964
5486 5486 2964
5487 5487 2965
5488 5488 2965
5489 5489 2965
5490 5490 2966
5491 5491 2966
5492 5492 2967
5493 5493 2967
5494 5494 2967
5495 5495 2968
5496 5496 2968
5497 5497 2969
5498 5498 2969
5499 5499 2970
5500 5500 2970
5501 5501 2970
5502 5502 2971
5503 5503 2971
5504 5504 2972
5505 5505 2972
5506 5506 2972
5507 5507 2973
5508 5508 2973
5509 5509 2974
5510 5510 2974
5511 5511 2975
5512 5512 2975
5513 5513 2975
5514 5514 2976
5515 5515 2976
5516 5516 2977
5517 5517 2977
5518 5518 2977
5519 5519 2978
5520 5520 2978
5521 5521 2979
5522 5522 2979
5523 5523 2980
5524 5524 2980
5525 5525 2980
5526 5526 2981
5527 5527 2981
5528 5528 2982
5529 5529 2982
5530 5530 2982
5531 5531 2983
5532 5532 2983
5533 5533 2984
5534 5534 2984
5535 5535 2985
5536 5536 2985
5537 5537 2985
5538 5538 2986
5539 5539 2986
5540 5540 2987
5541 5541 2987
5542 5542 2987
5543 5543 2988
5544 5544 2988
5545 5545 2989
5546 5546 2989
5547 5547 2990
5548 5548 2990
5549 5549 2990
5550 5550 2991
5551 5551 2991
5552 5552 2992
5553 5553 2992
5554 5554 2992
5555 5555 2993
5556 5556 2993
5557 5557 2994
5558 5558 2994
5559 5559 2995
5560 5560 2995
5561 5561 2995
5562 5562 2996
5563 5563 2996
5564 5564 2997
5565 5565 2997
5566 5566 2997
5567 5567 2998
5568 5568 2998
5569 5569 2999
5570 5570 2999
5571 5571 3000
5572 5572 3000
5573 5573 3000
5574 5574 3001
5575 5575 3001
5576 5576 3002
5577 5577 3002
5578 5578 3002
5579 5579 3003
5580 5580 3003
5581 5581 3004
5582 5582 3004
5583 5583 3005
5584 5584 3005
5585 5585 3005
5586 5586 3006
5587 5587 3006
5588 5588 3007
5589 5589 3007
5590 5590 3007
5591 5591 3008
5592 5592 3008
5593 5593 3009
5594 5594 3009
5595 5595 3010
5596 5596 3010
5597 5597 3010
5598 5598 3011
5599 5599 3011
5600 5600 3012
5601 5601 3012
5602 5602 3012
5603 5603 3013
5604 5604 3013
5605 5605 3014
5606 5606 3014
5607 5607 3015
5608 5608 3015
5609 5609 3015
5610 5610 3016
5611 5611 3016
5612 5612 3017
5613 5613 3017
5614 5614 3017
5615 5615 3018
5616 5616 3018
5617 5617 3019
5618 5618 3019
5619 5619 3020
5620 5620 3020
5621 5621 3020
5622 5622 3021
5623 5623 3021
5624 5624 3022
5625 5625 3022
5626 5626 3022
5627 5627 3023
5628 5628 3023
5629 5629 3024
5630 5630 3024
5631 5631 3025
5632 5632 3025
5633 5633 3025
5634 5634 3026
5635 5635 3026
5636 5636 3027
5637 5637 3027
5638 5638 3027
5639 5639 3028
5640 5640 3028
5641 5641 3029
5642 5642 3029
5643 5643 3030
5644 5644 3030
5645 5645 3030
5646 5646 3031
5647 5647 3031
5648 5648 3032
5649 5649 3032
5650 5650 3032
5651 5651 3033
5652 5652 3033
5653 5653 3034
5654 5654 3034
5655 5655 3035
5656 5656 3035
5657 5657 3035
5658 5658 3036
5659 5659 3036
5660 5660 3037
5661 5661 3037
5662 5662 3037
5663 5663 3038
5664 5664 3038
5665 5665 3039
5666 5666 3039
5667 5667 3040
5668 5668 3040
5669 5669 3040
5670 5670 3041
5671 5671 3041
5672 5672 3042
5673 5673 3042
5674 5674 3042
5675 5675 3043
5676 5676 3043
5677 5677 3044
5678 5678 3044
5679 5679 3045
5680 5680 3045
5681 5681 3045
5682 5682 3046
5683 5683 3046
5684 5684 3047
5685 5685 3047
5686 5686 3047
5687 5687 3048
5688 5688 3048
5689 5689 3049
5690 5690 3049
5691 5691 3050
5692 5692 3050
5693 5693 3050
5694 5694 3051
5695 5695 3051
5696 5696 3052
5697 5697 3052
5698 5698 3052
5699 5699 3053
5700 5700 3053
5701 5701 2939
5702 5702 2940
5703 5703 2940
5704 5704 2940
5705 5705 2941
5706 5706 2941
5707 5707 2942
5708 5708 2942
5709 5709 2942
5710 5710 2943
5711 5711 2943
5712 5712 2944
5713 5713 2944
5714 5714 2945
5715 5715 2945
5716 5716 2945
5717 5717 2946
5718 5718 2946
5719 5719 2947
5720 5720 2947
5721 5721 2947
5722 5722 2948
5723 5723 2948
5724 5724 2949
5725 5725 2949
5726 5726 2950
5727 5727 2950
5728 5728 2950
5729 5729 2951
5730 5730 2951
5731 5731 2952
5732 5732 2952
5733 5733 2952
5734 5734 2953
5735 5735 2953
5736 5736 2954
5737 5737 2954
5738 5738 2955
5739 5739 2955
5740 5740 2955
5741 5741 2956
5742 5742 2956
5743 5743 2957
5744 5744 2957
5745 5745 2957
5746 5746 2958
5747 5747 2958
5748 5748 2959
5749 5749 2959
5750 5750 2960
5751 5751 2960
5752 5752 2960
5753 5753 2961
5754 5754 2961
5755 5755 2962
5756 5756 2962
5757 5757 2962
5758 5758 2963
5759 5759 2963
5760 5760 2964
5761 5761 2964
5762 5762 2965
5763 5763 2965
5764 5764 2965
5765 5765 2966
5766 5766 2966
5767 5767 2967
5768 5768 2967
5769 5769 2967
5770 5770 2968
5771 5771 2968
5772 5772 2969
5773 5773 2969
5774 5774 2970
5775 5775 2970
5776 5776 2970
5777 5777 2971
5778 5778 2971
5779 5779 2972
5780 5780 2972
5781 5781 2972
5782 5782 2973
5783 5783 2973
5784 5784 2974
5785 5785 2974
5786 5786 2975
5787 5787 2975
5788 5788 2975
5789 5789 2976
5790 5790 2976
5791 5791 2977
5792 5792 2977
5793 5793 2977
5794 5794 2978
5795 5795 2978
5796 5796 2979
5797 5797 2979
5798 5798 2980
5799 5799 2980
5800 5800 2980
5801 5801 2981
5802 5802 2981
5803 5803 2982
5804 5804 2982
5805 5805 2982
5806 5806 2983
5807 5807 2983
5808 5808 2984
5809 5809 2984
5810 5810 2985
5811 5811 2985
5812 5812 2985
5813 5813 2986
5814 5814 2986
5815 5815 2987
5816 5816 2987
5817 5817 2987
5818 5818 2988
5819 5819 2988
5820 5820 2989
5821 5821 2989
5822 5822 2990
5823 5823 2990
5824 5824 2990
5825 5825 2991
5826 5826 2991
5827 5827 2992
5828 5828 2992
5829 5829 2992
5830 5830 2993
5831 5831 2993
5832 5832 2994
5833 5833 2994
5834 5834 2995
5835 5835 2995
5836 5836 2995
5837 5837 2996
5838 5838 2996
5839 5839 2997
5840 5840 2997
5841 5841 2997
5842 5842 2998
5843 5843 2998
5844 5844 2999
5845 5845 2999
5846 5846 3000
5847 5847 3000
5848 5848 3000
5849 5849 3001
5850 5850 3001
5851 5851 3002
5852 5852 3002
5853 5853 3002
5854 5854 3003
5855 5855 3003
5856 5856 3004
5857 5857 3004
5858 5858 3005
5859 5859 3005
5860 5860 3005
5861 5861 3006
5862 5862 3006
5863 5863 3007
5864 5864 3007
5865 5865 3007
5866 5866 3008
5867 5867 3008
5868 5868 3009
5869 5869 3009
5870 5870 3010
5871 5871 3010
5872 5872 3010
5873 5873 3011
5874 5874 3011
5875 5875 3012
5876 5876 3012
5877 5877 3012
5878 5878 3013
5879 5879 3013
5880 5880 3014
5881 5881 3014
5882 5882 3015
5883 5883 3015
5884 5884 3015
5885 5885 3016
5886 5886 3016
5887 5887 3017
5888 5888 3017
5889 5889 3017
5890 5890 3018
5891 5891 3018
5892 5892 3019
5893 5893 3019
5894 5894 3020
5895 5895 3020
5896 5896 3020
5897 5897 3021
5898 5898 3021
5899 5899 3022
5900 5900 3022
5901 5901 3022
5902 5902 3023
5903 5903 3023
5904 5904 3024
5905 5905 3024
5906 5906 3025
5907 5907 3025
5908 5908 3025
5909 5909 3026
5910 5910 3026
5911 5911 3027
5912 5912 3027
5913 5913 3027
5914 5914 3028
5915 5915 3028
5916 5916 3029
5917 5917 3029
5918 5918 3030
5919 5919 3030
5920 5920 3030
5921 5921 3031
5922 5922 3031
5923 5923 3032
5924 5924 3032
5925 5925 3032
5926 5926 3033
5927 5927 3033
5928 5928 3034
5929 5929 3034
5930 5930 3035
5931 5931 3035
5932 5932 3035
5933 5933 3036
5934 5934 3036
5935 5935 3037
5936 5936 3037
5937 5937 3037
5938 5938 3038
5939 5939 3038
5940 5940 3039
5941 5941 3039
5942 5942 3040
5943 5943 3040
5944 5944 3040
5945 5945 3041
5946 5946 3041
5947 5947 3042
5948 5948 3042
5949 5949 3042
5950 5950 3043
5951 5951 3043
5952 5952 3044
5953 5953 3044
5954 5954 3045
5955 5955 3045
5956 5956 3045
5957 5957 3046
5958 5958 3046
5959 5959 3047
5960 5960 3047
5961 5961 3047
5962 5962 3048
5963 5963 3048
5964 5964 3049
5965 5965 3049
5966 5966 3050
5967 5967 3050
5968 5968 3050
5969 5969 3051
5970 5970 3051
5971 5971 3052
5972 5972 3052
5973 5973 3052
5974 5974 3053
5975 5975 3053
5976 5976 2939
5977 5977 2940
5978 5978 2940
5979 5979 3085
5980 5980 3086
5981 5981 3086
5982 5982 3085
5983 5983 3086
5984 5984 3086
5985 5985 3231
5986 5986 3232
5987 5987 3232
5988 5988 3231
5989 5989 3232
5990 5990 3232
5991 5991 3231
5992 5992 3232
5993 5993 3232
5994 5994 3377
5995 5995 3378
5996 5996 3378
5997 5997 3377
5998 5998 3378
5999 5999 3378
6000 6000 3523
6001 6001 3524
6002 6002 3524
6003 6003 3523
6004 6004 3524
6005 6005 3524
6006 6006 3669
6007 6007 3670
6008 6008 3670
6009 6009 3669
6010 6010 3670
6011 6011 3670
6012 6012 3669
6013 6013 3670
6014 6014 3670
6015 6015 3815
6016 6016 3816
6017 6017 3816
6018 6018 3815
6019 6019 3816
6020 6020 3816
6021 6021 3961
6022 6022 3962
6023 6023 3962
6024 6024 3961
6025 6025 3962
6026 6026 3962
6027 6027 3961
6028 6028 3962
6029 6029 3962
6030 6030 4107
6031 6031 4108
6032 6032 4108
6033 6033 4107
6034 6034 4108
6035 6035 4108
6036 6036 4253
6037 6037 4254
6038 6038 4254
6039 6039 4253
6040 6040 4254
6041 6041 4254
6042 6042 4399
6043 6043 4400
6044 6044 4400
6045 6045 4399
6046 6046 4400
6047 6047 4400
6048 6048 4399
6049 6049 4400
6050 6050 4400
6051 6051 4545
6052 6052 4546
6053 6053 4546
6054 6054 4545
6055 6055 4546
6056 6056 4546
6057 6057 4691
6058 6058 4692
6059 6059 4692
6060 6060 4691
6061 6061 4692
6062 6062 4692
6063 6063 4691
6064 6064 4692
6065 6065 4692
6066 6066 4837
6067 6067 4838
6068 6068 4838
6069 6069 4837
6070 6070 4838
6071 6071 4838
6072 6072 4983
6073 6073 4984
6074 6074 4984
6075 6075 4983
6076 6076 4984
6077 6077 4984
6078 6078 5129
6079 6079 5130
6080 6080 5130
6081 6081 5129
6082 6082 5130
6083 6083 5130
6084 6084 5129
6085 6085 5130
6086 6086 5130
6087 6087 5275
6088 6088 5276
6089 6089 5276
6090 6090 5275
6091 6091 5276
6092 6092 5276
6093 6093 5421
6094 6094 5422
6095 6095 5422
6096 6096 5421
6097 6097 5422
6098 6098 5422
6099 6099 5421
6100 6100 5422
6101 6101 5422
6102 6102 5567
6103 6103 5568
6104 6104 5568
6105 6105 5567
6106 6106 5568
6107 6107 5568
6108 6108 5713
6109 6109 5714
6110 6110 5714
6111 6111 5713
6112 6112 5714
6113 6113 5714
6114 6114 5859
6115 6115 5860
6116 6116 5860
6117 6117 5859
6118 6118 5860
6119 6119 5860
6120 6120 5859
6121 6121 5860
6122 6122 5860
6123 6123 6005
6124 6124 6006
6125 6125 6006
6126 6126 6005
6127 6127 6006
6128 6128 6006
6129 6129 6151
6130 6130 6152
6131 6131 6152
6132 6132 6151
6133 6133 6152
6134 6134 6152
6135 6135 6151
6136 6136 6152
6137 6137 6152
6138 6138 6297
6139 6139 6298
6140 6140 6298
6141 6141 6297
6142 6142 6298
6143 6143 6298
6144 6144 6443
6145 6145 6444
6146 6146 6444
6147 6147 6443
6148 6148 6444
6149 6149 6444
6150 6150 6589
6151 6151 6590
6152 6152 6590
6153 6153 6589
6154 6154 6590
6155 6155 6590
6156 6156 6589
6157 6157 6590
6158 6158 6590
6159 6159 6735
6160 6160 6736
6161 6161 6736
6162 6162 6735
6163 6163 6736
6164 6164 6736
6165 6165 6881
6166 6166 6882
6167 6167 6882
6168 6168 6881
6169 6169 6882
6170 6170 6882
6171 6171 6881
6172 6172 6882
6173 6173 6882
6174 6174 7027
6175 6175 7028
6176 6176 7028
6177 6177 7027
6178 6178 7028
6179 6179 7028
6180 6180 7173
6181 6181 7174
6182 6182 7174
6183 6183 7173
6184 6184 7174
6185 6185 7174
6186 6186 7319
6187 6187 7320
6188 6188 7320
6189 6189 7319
6190 6190 7320
6191 6191 7320
6192 6192 7319
6193 6193 7320
6194 6194 7320
6195 6195 7465
6196 6196 7466
6197 6197 7466
6198 6198 7465
6199 6199 7466
6200 6200 7466
6201 6201 7611
6202 6202 7612
6203 6203 7612
6204 6204 7611
6205 6205 7612
6206 6206 7612
6207 6207 7611
6208 6208 7612
6209 6209 7612
6210 6210 7757
6211 6211 7758
6212 6212 7758
6213 6213 7757
6214 6214 7758
6215 6215 7758
6216 6216 7903
6217 6217 7904
6218 6218 7904
6219 6219 3052
6220 6220 3053
6221 6221 3053
6222 6222 3198
6223 6223 3199
6224 6224 3199
6225 6225 3198
6226 6226 3199
6227 6227 3199
6228 6228 3344
6229 6229 3345
6230 6230 3345
6231 6231 3344
6232 6232 3345
6233 6233 3345
6234 6234 3344
6235 6235 3345
6236 6236 3345
6237 6237 3490
6238 6238 3491
6239 6239 3491
6240 6240 3490
6241 6241 3491
6242 6242 3491
6243 6243 3636
6244 6244 3637
6245 6245 3637
6246 6246 3636
6247 6247 3637
6248 6248 3637
6249 6249 3782
6250 6250 3783
6251 6251 3783
6252 6252 3782
6253 6253 3783
6254 6254 3783
6255 6255 3782
6256 6256 3783
6257 6257 3783
6258 6258 3928
6259 6259 3929
6260 6260 3929
6261 6261 3928
6262 6262 3929
6263 6263 3929
6264 6264 4074
6265 6265 4075
6266 6266 4075
6267 6267 4074
6268 6268 4075
6269 6269 4075
6270 6270 4074
6271 6271 4075
6272 6272 4075
6273 6273 4220
6274 6274 4221
6275 6275 4221
6276 6276 4220
6277 6277 4221
6278 6278 4221
6279 6279 4366
6280 6280 4367
6281 6281 4367
6282 6282 4366
6283 6283 4367
6284 6284 4367
6285 6285 4512
6286 6286 4513
6287 6287 4513
6288 6288 4512
6289 6289 4513
6290 6290 4513
6291 6291 4512
6292 6292 4513
6293 6293 4513
6294 6294 4658
6295 6295 4659
6296 6296 4659
6297 6297 4658
6298 6298 4659
6299 6299 4659
6300 6300 4804
6301 6301 4805
6302 6302 4805
6303 6303 4804
6304 6304 4805
6305 6305 4805
6306 6306 4804
6307 6307 4805
6308 6308 4805
6309 6309 4950
6310 6310 4951
6311 6311 4951
6312 6312 4950
6313 6313 4951
6314 6314 4951
6315 6315 5096
6316 6316 5097
6317 6317 5097
6318 6318 5096
6319 6319 5097
6320 6320 5097
6321 6321 5242
6322 6322 5243
6323 6323 5243
6324 6324 5242
6325 6325 5243
6326 6326 5243
6327 6327 5242
6328 6328 5243
6329 6329 5243
6330 6330 5388
6331 6331 5389
6332 6332 5389
6333 6333 5388
6334 6334 5389
6335 6335 5389
6336 6336 5534
6337 6337 5535
6338 6338 5535
6339 6339 5534
6340 6340 5535
6341 6341 5535
6342 6342 5534
6343 6343 5535
6344 6344 5535
6345 6345 5680
6346 6346 5681
6347 6347 5681
6348 6348 5680
6349 6349 5681
6350 6350 5681
6351 6351 5826
6352 6352 5827
6353 6353 5827
6354 6354 5826
6355 6355 5827
6356 6356 5827
6357 6357 5972
6358 6358 5973
6359 6359 5973
6360 6360 5972
6361 6361 5973
6362 6362 5973
6363 6363 5972
6364 6364 5973
6365 6365 5973
6366 6366 6118
6367 6367 6119
6368 6368 6119
6369 6369 6118
6370 6370 6119
6371 6371 6119
6372 6372 6264
6373 6373 6265
6374 6374 6265
6375 6375 6264
6376 6376 6265
6377 6377 6265
6378 6378 6264
6379 6379 6265
6380 6380 6265
6381 6381 6410
6382 6382 6411
6383 6383 6411
6384 6384 6410
6385 6385 6411
6386 6386 6411
6387 6387 6556
6388 6388 6557
6389 6389 6557
6390 6390 6556
6391 6391 6557
6392 6392 6557
6393 6393 6702
6394 6394 6703
6395 6395 6703
6396 6396 6702
6397 6397 6703
6398 6398 6703
6399 6399 6702
6400 6400 6703
6401 6401 6703
6402 6402 6848
6403 6403 6849
6404 6404 6849
6405 6405 6848
6406 6406 6849
6407 6407 6849
6408 6408 6994
6409 6409 6995
6410 6410 6995
6411 6411 6994
6412 6412 6995
6413 6413 6995
6414 6414 6994
6415 6415 6995
6416 6416 6995
6417 6417 7140
6418 6418 7141
6419 6419 7141
6420 6420 7140
6421 6421 7141
6422 6422 7141
6423 6423 7286
6424 6424 7287
6425 6425 7287
6426 6426 7286
6427 6427 7287
6428 6428 7287
6429 6429 7432
6430 6430 7433
6431 6431 7433
6432 6432 7432
6433 6433 7433
6434 6434 7433
6435 6435 7432
6436 6436 7433
6437 6437 7433
6438 6438 7578
6439 6439 7579
6440 6440 7579
6441 6441 7578
6442 6442 7579
6443 6443 7579
6444 6444 7724
6445 6445 7725
6446 6446 7725
6447 6447 7724
6448 6448 7725
6449 6449 7725
6450 6450 7724
6451 6451 7725
6452 6452 7725
6453 6453 7870
6454 6454 7871
6455 6455 7871
6456 6456 7870
6457 6457 7871
6458 6458 7871
6459 6459 8016
6460 6460 8017
6461 6461 8017
